1403636579963555584.000000 2.477010965 0.712075591 2.274800777 0.514529049 0.635526001 0.339794546 0.464656979
1403636582813555456.000000 2.468656063 0.715767205 2.401459932 0.524666905 0.632643342 0.354365379 0.445995450
1403636585413555456.000000 2.485901356 0.744475365 2.397910357 0.525612533 0.619375706 0.388258904 0.435155779
1403636588213555456.000000 2.806268930 0.773993909 2.260485649 0.621752620 0.670171976 0.256470680 0.313872129
1403636591063555584.000000 2.504476070 0.636307836 2.276892185 0.584916294 0.696781278 0.238846600 0.339589149
1403636593763555584.000000 2.361495972 0.599441648 2.218504190 0.548226476 0.721446872 0.185302034 0.380295902
1403636594363555584.000000 2.676337242 0.613509893 2.214585543 0.665402234 0.610379577 0.291296542 0.315947115
1403636594763555584.000000 2.748853445 0.820564389 2.209179401 0.651162028 0.604888558 0.314289212 0.333646595
1403636596163555584.000000 2.647213459 0.601902366 2.167073488 0.602172136 0.669755280 0.272935808 0.338115275
1403636596513555456.000000 2.585679054 0.457024008 2.201662540 0.606019199 0.658273339 0.284363180 0.344316691
1403636597013555456.000000 2.526897907 0.465302706 2.209604979 0.591188252 0.668112457 0.295601845 0.341674477
1403636598613555456.000000 2.487070560 0.671698749 2.135385036 0.496950120 0.750275970 0.234328032 0.367718369
1403636601213555456.000000 2.491018295 0.871653974 1.978381395 0.447560221 0.658978224 0.304011077 0.522508383
1403636603713555456.000000 2.490945101 0.871558785 1.978274703 0.447782665 0.658760190 0.303913057 0.522649407
1403636606213555456.000000 2.490924358 0.871675849 1.978254437 0.447736800 0.658753932 0.303951114 0.522674024
1403636608713555456.000000 2.490898132 0.871569753 1.978260279 0.447727233 0.658757567 0.304021686 0.522637188
1403636611213555456.000000 2.490935326 0.871792138 1.978244543 0.447686940 0.658949196 0.303990126 0.522447765
1403636613713555456.000000 2.491477013 0.871632397 1.977994561 0.447447419 0.658684254 0.304551989 0.522659719
1403636616213555456.000000 2.491478205 0.871753395 1.977956057 0.447582543 0.658609152 0.304317713 0.522774994
1403636618713555456.000000 2.491440058 0.871603549 1.978023767 0.447869360 0.658432901 0.304238409 0.522797108
1403636621213555456.000000 2.491438150 0.871773064 1.977974653 0.447573006 0.658498526 0.304414183 0.522866666
1403636623713555456.000000 2.491959095 0.872536182 1.977827191 0.448788971 0.657482266 0.303953618 0.523370504
1403636626413555456.000000 2.529937267 0.911539674 2.327913523 0.450582623 0.674368083 0.300672859 0.501795471
1403636629163555584.000000 2.884140491 1.068251848 2.476306915 0.508394480 0.652457654 0.340313047 0.447237283
1403636629713555456.000000 3.027997732 1.204490185 2.457901001 0.558145285 0.608675957 0.365070194 0.429780275
1403636630013555456.000000 3.134923697 1.304860711 2.391708374 0.596790254 0.581005335 0.388275594 0.394355923
1403636632813555456.000000 3.783003330 2.596714020 2.291474342 0.578674793 0.594855785 0.372405171 0.415446788
1403636635113555456.000000 3.982562780 4.135571957 2.230962992 0.495847255 0.655536532 0.347119272 0.451569825
1403636635713555456.000000 4.005294323 4.579920769 2.240687132 0.502649069 0.653728008 0.329746097 0.459620386
1403636636013555456.000000 4.032733917 4.828693867 2.315924168 0.510585725 0.647486627 0.322998703 0.464472592
1403636636313555456.000000 4.084457397 5.094425201 2.403670311 0.495876878 0.650889218 0.345158309 0.459689975
1403636636613555456.000000 4.136754036 5.344598770 2.494250059 0.479071110 0.643743634 0.367981523 0.469760180
1403636637313555456.000000 4.162981510 5.719600201 2.459596157 0.490481883 0.656442523 0.343634307 0.458722055
1403636637613555456.000000 4.142220497 5.848039627 2.466786623 0.491461754 0.660676479 0.337151229 0.456400156
1403636638313555456.000000 4.070030689 6.178485394 2.546164513 0.483998179 0.654948950 0.341103464 0.469505936
1403636638663555584.000000 4.044794559 6.343781948 2.479942560 0.503275931 0.668514788 0.311893016 0.450026393
1403636638963555584.000000 4.036412239 6.532640457 2.499757290 0.492715627 0.659969389 0.325794667 0.464251101
1403636639263555584.000000 4.039152145 6.748227119 2.505002022 0.503999412 0.650428891 0.308770031 0.477061331
1403636642113555456.000000 4.312887669 8.244989395 2.317137718 0.465759575 0.663664579 0.335640371 0.479544491
1403636643713555456.000000 4.479980946 8.565529823 2.306939840 0.506656170 0.658331513 0.331913322 0.446914494
1403636644463555584.000000 4.543340206 8.942167282 2.332527161 0.507027566 0.637998044 0.330505729 0.476075113
1403636644713555456.000000 4.588587761 9.101967812 2.260754108 0.502809763 0.633281887 0.336855114 0.482353628
1403636645463555584.000000 4.791715622 9.553104401 2.059716463 0.512411356 0.661289036 0.331591427 0.436094522
1403636645913555456.000000 4.864161968 9.957268715 2.012047768 0.509960473 0.656437099 0.335876405 0.442964494
1403636646213555456.000000 4.908920765 10.260540962 2.063150406 0.533380687 0.621124208 0.353958994 0.452131063
1403636646513555456.000000 4.987925053 10.555068970 2.090509892 0.572293580 0.566014051 0.401510149 0.436918527
1403636647113555456.000000 5.193634987 11.011144638 2.213971853 0.597484767 0.550612748 0.421544790 0.402662814
1403636647413555456.000000 5.295541286 11.193533897 2.246175766 0.597038090 0.551764190 0.417325079 0.406129867
1403636647713555456.000000 5.406384468 11.352461815 2.255834818 0.592703104 0.544159949 0.419421256 0.420331925
1403636648013555456.000000 5.541139603 11.478772163 2.271706820 0.606085956 0.535024881 0.429545969 0.402365983
1403636649413555456.000000 6.243801117 11.700043678 2.247570038 0.695667028 0.420109808 0.496452183 0.305107057
1403636649663555584.000000 6.355187893 11.725461006 2.364450455 0.691993535 0.419557363 0.496410280 0.314155161
1403636650163555584.000000 6.554677010 11.716321945 2.501240730 0.702256024 0.390965074 0.515518308 0.297024727
1403636650463555584.000000 6.655395031 11.659124374 2.486892700 0.733976185 0.340484828 0.529196918 0.255537629
1403636651063555584.000000 6.806180000 11.505502701 2.441620827 0.754844725 0.287155002 0.549109876 0.215010911
1403636651563555584.000000 6.876263142 11.359105110 2.516437531 0.755858362 0.298499793 0.539660573 0.219868690
1403636652163555584.000000 6.922203064 11.108319283 2.470559835 0.772516251 0.231028214 0.559951961 0.190520570
1403636654763555584.000000 7.269092083 9.928585052 2.459528923 0.816185534 0.061282840 0.572345734 0.050057780
1403636655013555456.000000 7.255113125 9.832249641 2.463634253 0.812550247 0.046562877 0.579886854 0.036398306
1403636655313555456.000000 7.228121281 9.724408150 2.434313059 0.802398264 0.035305347 0.594684839 0.035499517
1403636655613555456.000000 7.157886505 9.606861115 2.412673950 0.808287501 0.004718842 0.588424802 0.020123564
1403636655863555584.000000 7.074457169 9.499285698 2.370944738 0.820506394 -0.030339276 0.570821464 0.003358897
1403636658763555584.000000 6.224301815 7.623527050 2.173990250 0.821237147 -0.067675121 0.562737763 -0.065694124
1403636659113555456.000000 6.175197601 7.393404961 2.095477343 0.807398677 -0.071964398 0.582506657 -0.060119778
1403636659763555584.000000 6.060138226 7.082449436 1.955760598 0.811034679 -0.073107205 0.577189803 -0.061072476
1403636662313555456.000000 6.056622028 7.166017532 1.357830405 0.806530654 -0.074112043 0.583336830 -0.061103888
1403636663463555584.000000 5.910232067 7.391913891 1.197543383 0.835169673 -0.081948929 0.539899707 -0.065453641
1403636663763555584.000000 5.969071865 7.398757458 1.105621576 0.839870691 -0.070648611 0.532256484 -0.079554982
1403636664063555584.000000 6.110860825 7.451601028 1.057770610 0.823278248 -0.048749577 0.556856036 -0.098730437
1403636664963555584.000000 6.586853504 7.972359180 0.912509799 0.811945498 -0.047471754 0.580131531 -0.044024717
1403636667913555456.000000 7.442020416 9.698746681 1.032569885 0.822893858 -0.054401394 0.565265894 -0.018979995
1403636669563555584.000000 8.014040947 10.494109154 0.803150892 0.800521374 -0.058685623 0.594213307 -0.051301308
1403636669913555456.000000 8.047076225 10.756031990 0.768044591 0.791216016 -0.077702209 0.606381774 -0.015508321
1403636670213555456.000000 7.999046803 10.938525200 0.796211720 0.795413136 -0.094005302 0.598305345 0.022612851
1403636670513555456.000000 7.890306950 11.007627487 0.820513785 0.792280853 -0.086848572 0.600420713 0.065137789
1403636671613555456.000000 7.117035866 9.800204277 1.151641607 0.808792770 0.194575429 0.537327230 0.138830468
1403636672563555584.000000 6.881757259 8.606768608 1.459731579 0.795796454 0.233626753 0.549998820 0.098120287
1403636673063555584.000000 6.911793709 8.414644241 1.371390224 0.790660858 0.242680758 0.542915344 0.145616934
1403636673563555584.000000 6.968103409 8.402215004 1.375572085 0.795673013 0.285367340 0.510034323 0.159169272
1403636674463555584.000000 7.136173725 8.815987587 1.308202147 0.772866189 0.268801302 0.536048472 0.207546353
1403636676363555584.000000 7.690813065 10.147626877 0.920982420 0.686728597 0.453161597 0.490437746 0.287261009
1403636676663555584.000000 7.727178574 10.409952164 0.868745983 0.659057975 0.494952530 0.462703139 0.326451093
1403636677863555584.000000 7.700461388 11.392139435 0.776912212 0.592083216 0.550801158 0.412248671 0.419650555
1403636680813555456.000000 7.325135708 11.763231277 1.140186787 0.302895576 0.754902661 0.245868906 0.527184725
1403636682563555584.000000 6.597871780 10.681168556 1.167325735 0.311644495 0.755070925 0.221255198 0.532720745
1403636682963555584.000000 6.437366009 10.422722816 1.177205801 0.308841735 0.746018708 0.236403212 0.540541887
1403636683313555456.000000 6.305658340 10.164411545 1.196362853 0.310655713 0.747649968 0.230465651 0.539812326
1403636683963555584.000000 6.083249092 9.648162842 1.128819704 0.312042654 0.757147431 0.213530689 0.532692432
1403636684663555584.000000 5.874443054 9.142973900 1.213105917 0.304327935 0.748279929 0.206984803 0.551922381
1403636685713555456.000000 5.745289803 8.366255760 1.186232090 0.306521088 0.755208015 0.225037947 0.533912659
1403636688613555456.000000 5.369414330 6.591014862 0.889103234 0.297930449 0.758720279 0.223702788 0.534356952
1403636689413555456.000000 5.237120628 6.140923023 0.782679796 0.280867726 0.774091840 0.187237680 0.535571039
1403636689763555584.000000 5.146233082 5.988992691 0.867393494 0.289613962 0.779835224 0.168184549 0.528861344
1403636690113555456.000000 5.045511723 5.913985252 0.921095252 0.299171120 0.774024546 0.162754342 0.533753693
1403636690463555584.000000 4.939749241 5.928920269 0.977282047 0.291352719 0.777089357 0.179462835 0.528240561
1403636691263555584.000000 4.806336403 6.231607437 0.963895082 0.289751559 0.726023436 0.175325364 0.598493338
1403636693963555584.000000 5.983221531 6.984622955 1.698994279 0.274371624 0.776326478 0.184265956 0.536733747
1403636695063555584.000000 5.933138371 7.265767574 1.702330470 0.283686399 0.766020060 0.175751314 0.549405217
1403636695913555456.000000 5.945534706 7.478880882 1.722285390 0.279450685 0.765776753 0.201275662 0.543121099
1403636698163555584.000000 5.775825977 7.227660656 1.744668365 0.358597845 0.735617816 0.256979764 0.514037848
1403636700863555584.000000 5.487987041 6.509918690 1.295903921 0.673479021 0.457942575 0.468768120 0.342010498
1403636703763555584.000000 6.413441658 6.565382004 0.845484316 0.721871614 0.388492465 0.501488030 0.276559025
1403636705513555456.000000 7.158176422 7.138975143 0.657349885 0.718253255 0.409928679 0.491816849 0.272372425
1403636705863555584.000000 7.311055660 7.407402039 0.598843515 0.717564523 0.404344290 0.493602216 0.279219419
1403636706213555456.000000 7.470081329 7.685030460 0.577939034 0.712831914 0.391100943 0.496476114 0.304009646
1403636706563555584.000000 7.636099815 7.927677631 0.519409001 0.708844483 0.413165271 0.499641538 0.277834535
1403636706963555584.000000 7.799820423 8.223781586 0.514509618 0.717486978 0.413025141 0.491519749 0.270242214
1403636707663555584.000000 8.032973289 8.839316368 0.643814445 0.726182997 0.397334307 0.491815656 0.270002037
1403636708013555456.000000 8.141257286 9.182515144 0.658935905 0.724172115 0.394158661 0.490887254 0.281502008
1403636708363555584.000000 8.263594627 9.526685715 0.583444595 0.718205571 0.389135092 0.492863595 0.299733549
1403636708763555584.000000 8.442171097 9.877885818 0.523614228 0.709335804 0.393843412 0.507225156 0.290606976
1403636711563555584.000000 8.305257797 11.664831161 0.230231568 0.637139499 0.475893587 0.490588665 0.356231868
1403636713963555584.000000 7.021370411 11.155813217 0.864777923 0.634389997 0.509553790 0.435560882 0.384955823
1403636716813555456.000000 6.582463741 9.921209335 1.068631053 0.549503446 0.598696232 0.387709260 0.435074836
1403636719713555456.000000 6.020118237 8.345107079 0.846921563 0.379023343 0.716721058 0.263881534 0.522511423
1403636722463555584.000000 6.104380131 7.300183773 0.746968925 0.467337996 0.665527225 0.331297070 0.478446394
1403636725313555456.000000 6.105076790 6.251636982 0.966200769 0.578186870 0.579336584 0.393473893 0.418624818
1403636727813555456.000000 6.131117821 5.729055405 1.427947879 0.551601052 0.595890462 0.400130033 0.424907923
1403636730713555456.000000 5.596660614 4.425350666 1.681955695 0.522297621 0.644394219 0.346691489 0.437911272
1403636733513555456.000000 5.426820278 3.688783884 1.699245691 0.506276965 0.638650954 0.361208946 0.453140616
1403636733813555456.000000 5.374699116 3.515360355 1.754024267 0.508850038 0.642116487 0.356004834 0.449464440
1403636736613555456.000000 4.797576427 2.477792978 2.118018866 0.470083714 0.664228201 0.348459035 0.465186596
1403636738213555456.000000 4.414794922 2.106431007 2.236804962 0.474207163 0.669379115 0.315131485 0.477232635
1403636740613555456.000000 4.711658478 2.170569181 1.921816945 0.639932811 0.501292884 0.451023847 0.368468463
1403636741963555584.000000 4.876265049 2.107516766 1.463007808 0.651826203 0.497673601 0.456726521 0.344738096
1403636742463555584.000000 4.915848255 2.137573242 1.359866858 0.648939550 0.503106415 0.444958389 0.357454002
1403636743263555584.000000 4.982838631 2.229778051 1.186560869 0.669116497 0.504002512 0.427776456 0.339517295
1403636746213555456.000000 5.519169807 2.951069117 0.183222145 0.667987883 0.454826832 0.497229129 0.315733582
1403636749063555584.000000 5.169929028 3.437680244 0.758544862 0.695864975 0.420953780 0.475163132 0.335841864
1403636751163555584.000000 5.108789921 3.343643188 1.402069449 0.675455451 0.459667325 0.478752315 0.321343869
1403636751513555456.000000 5.036282539 3.309310913 1.563817382 0.686393559 0.448066175 0.466970474 0.331721336
1403636751813555456.000000 4.995159149 3.290582895 1.681812644 0.687047541 0.455010295 0.450677812 0.343249947
1403636752163555584.000000 4.996638775 3.283966303 1.802215338 0.675981164 0.473294109 0.457504421 0.331258088
1403636752513555456.000000 5.006636143 3.306217670 1.934749365 0.641710520 0.496829301 0.456533641 0.364616722
1403636754513555456.000000 4.720639229 3.193194389 2.139024496 0.492654234 0.637526512 0.372384608 0.460631281
1403636756613555456.000000 3.802024126 2.237472296 2.255281448 0.446478605 0.677029252 0.326842129 0.485244751
1403636756913555456.000000 3.653135538 2.074574947 2.265878916 0.444342196 0.676862657 0.325370967 0.488416135
1403636757213555456.000000 3.515173435 1.889076471 2.298220634 0.444803238 0.676910222 0.322189629 0.490037203
1403636757563555584.000000 3.362637520 1.654603958 2.287361145 0.440463930 0.688735068 0.319631994 0.479031175
1403636757863555584.000000 3.213012457 1.459035158 2.319847345 0.436367691 0.711094677 0.293457866 0.466701239
1403636758213555456.000000 3.009150267 1.286323309 2.417503834 0.421362251 0.697000146 0.298253983 0.497683793
1403636758563555584.000000 2.818855286 1.120270133 2.428952694 0.443281025 0.705896676 0.265325069 0.484576404
1403636758913555456.000000 2.654477835 1.027926326 2.410801888 0.432862848 0.694817543 0.284618080 0.498849303
1403636759263555584.000000 2.529618502 0.970427573 2.358757973 0.445713252 0.677199543 0.263807446 0.522633374
1403636759613555456.000000 2.491677523 0.933771968 2.268074512 0.423442870 0.690965712 0.293175191 0.507257879
1403636759963555584.000000 2.494850636 0.887620032 2.231975794 0.422493726 0.699249208 0.292210817 0.497154087
1403636760313555456.000000 2.500005722 0.844263434 2.195864439 0.425056696 0.696491838 0.290503174 0.499833882
1403636760713555456.000000 2.511636257 0.800344825 2.132439613 0.421333849 0.706209421 0.294104874 0.487081468
1403636761063555584.000000 2.504096985 0.755532503 2.086713552 0.418729901 0.707242787 0.295012265 0.487278849
1403636761413555456.000000 2.464062214 0.724535167 2.049114943 0.425218672 0.714381158 0.284106702 0.477631748
1403636761713555456.000000 2.409703493 0.725731671 2.051507235 0.423233837 0.694957078 0.290268630 0.503638506
1403636762063555584.000000 2.372864962 0.726388276 2.071642160 0.419946194 0.696756124 0.298402280 0.499131411
1403636762363555584.000000 2.345151186 0.717846274 2.088255644 0.421808362 0.715014338 0.298686206 0.470763952
1403636762663555584.000000 2.283374310 0.723606229 2.045235157 0.446975589 0.685593128 0.263015866 0.510879099
1403636763013555456.000000 2.291728735 0.726467013 1.990357518 0.440624088 0.681677043 0.297793090 0.502479911
1403636763313555456.000000 2.315263987 0.712536931 1.967540979 0.467524976 0.655229211 0.303675413 0.509780586
1403636763613555456.000000 2.321646214 0.694289148 1.947585464 0.468348563 0.655614853 0.302602470 0.509166658
