1403636579763555584.000000 0.000000000 0.000000000 0.000000000 0.000000000 0.000000000 0.000000000 1.000000000
1403636579863555584.000000 0.000270606 0.024677923 0.010165319 0.001302909 -0.005026727 0.001912384 0.999984682
1403636579963555584.000000 -0.000260167 0.058102626 0.020851167 0.012697339 -0.005814346 0.002541840 0.999899268
1403636580113555456.000000 -0.001756736 0.113927320 0.037020449 0.024116140 -0.005661783 -0.002153729 0.999690831
1403636580263555584.000000 -0.003142504 0.164508209 0.050190784 0.031167433 -0.004511732 -0.002910465 0.999499738
1403636580413555456.000000 -0.004754249 0.204040170 0.057207394 0.048471157 -0.003513062 0.001318934 0.998817563
1403636584063555584.000000 0.009261049 0.201005414 0.056531765 0.065615036 -0.023257561 0.012166019 0.997499764
1403636584313555456.000000 0.004557993 0.144408077 0.042315755 0.061347179 -0.017725417 0.013197831 0.997871816
1403636585213555456.000000 0.000272783 -0.106641844 -0.009350149 -0.010529646 -0.055551421 0.008059793 0.998367786
1403636586513555456.000000 0.004946465 0.080552734 -0.025195509 0.196026698 -0.044408336 -0.014537402 0.979484618
1403636587163555584.000000 0.031075506 0.069896005 -0.021568403 0.192203462 -0.025994787 -0.003941092 0.981002808
1403636587563555584.000000 0.090872407 0.064381674 -0.004107729 0.199298188 -0.031059571 -0.013357978 0.979355454
1403636587813555456.000000 0.158437937 0.056133226 0.004386419 0.186808705 -0.045144003 -0.024189644 0.981060326
1403636588163555584.000000 0.238484487 0.061079517 0.012321640 0.206271231 -0.067224145 -0.031452727 0.975676060
1403636589463555584.000000 -0.003224547 0.064518310 -0.022818543 0.197738871 -0.024525698 -0.014839792 0.979835510
1403636589713555456.000000 -0.089254782 0.070784397 -0.029072186 0.192581803 -0.016936418 -0.010998828 0.981073081
1403636590013555456.000000 -0.171220228 0.083212353 -0.036420207 0.202821299 0.009089538 -0.008746726 0.979134500
1403636590313555456.000000 -0.194527701 0.082958274 -0.042131215 0.191333935 0.018354826 -0.004851384 0.981341362
1403636590863555584.000000 -0.062874272 0.074183784 -0.044727247 0.195063457 -0.012881555 -0.007835235 0.980674744
1403636591263555584.000000 0.068547525 0.072548412 -0.031399030 0.199370399 -0.016894436 -0.015040044 0.979663134
1403636591513555456.000000 0.118861392 0.080302641 -0.018634632 0.201356873 -0.027240580 -0.019428192 0.978946328
1403636591763555584.000000 0.142275721 0.085505888 0.000425037 0.162088349 -0.059732519 -0.019178709 0.984779954
1403636592013555456.000000 0.155432358 0.079682417 0.016245067 0.140118405 -0.083614811 -0.027133966 0.986224711
1403636592263555584.000000 0.180108264 0.070721641 0.050971415 0.160706103 -0.103843965 -0.042915370 0.980585694
1403636593563555584.000000 -0.120500267 0.089549966 0.022423320 0.181252226 0.103206307 0.006076377 0.977987289
1403636593963555584.000000 -0.035904326 0.131320745 -0.076183386 0.187392652 -0.007650715 -0.044835985 0.981231451
1403636594413555456.000000 0.149188623 0.120495662 -0.040090039 0.173277587 -0.135285139 -0.071731649 0.972896397
1403636594813555456.000000 0.204365686 0.080530688 0.089113876 0.142770529 -0.120449908 -0.059166174 0.980616033
1403636595713555456.000000 -0.043382078 0.122605406 0.030021265 0.165266752 0.069227420 0.009500263 0.983770430
1403636596013555456.000000 0.074891888 0.151226446 -0.023596181 0.169050351 -0.018963221 -0.004566778 0.985414386
1403636596313555456.000000 0.091538459 0.168011069 -0.091964386 0.172004223 -0.066024110 -0.030572996 0.982405543
1403636596713555456.000000 -0.007281139 0.172398165 -0.184821308 0.162195742 -0.062597096 -0.018672392 0.984594047
1403636597163555584.000000 0.015979132 0.146502420 -0.075386778 0.172915399 -0.056317326 -0.001824461 0.983323574
1403636598263555584.000000 -0.022623474 0.136734635 -0.003048819 0.175894722 0.070950538 0.052558579 0.980441034
1403636598563555584.000000 0.001384600 0.167919099 0.002108157 0.181759596 0.058542117 0.059099928 0.979818046
1403636611313555456.000000 0.042127766 0.228229254 0.188535661 -0.017349580 0.085798904 0.017705591 0.996004045
1403636612413555456.000000 0.042367727 0.228351161 0.188370198 -0.017690279 0.086157203 0.016584877 0.995986402
1403636624313555456.000000 0.043416403 0.228094503 0.188424021 -0.014124649 0.081803374 0.017244374 0.996399164
1403636624813555456.000000 0.074561320 0.235076278 0.171518102 0.005306573 0.065774076 0.037158828 0.997128308
1403636625063555584.000000 0.102064051 0.224468470 0.141549349 0.032869566 0.056191627 0.069116727 0.995482266
1403636625363555584.000000 0.109268799 0.176779330 0.110751398 0.029996216 0.064179346 0.054197412 0.996013999
1403636625713555456.000000 0.105617628 0.175493836 0.121777050 0.032588135 0.068156600 0.056309968 0.995551050
1403636627063555584.000000 0.113950931 -0.001224447 0.131343901 0.014698175 0.080684341 0.054579932 0.995135665
1403636627463555584.000000 0.139955476 -0.026978865 0.104064226 0.005789721 0.082869701 0.049671158 0.995304883
1403636627813555456.000000 0.170201242 -0.033988077 0.083953433 0.028504631 0.052939635 0.041402619 0.997331798
1403636628563555584.000000 0.234549895 -0.111618169 0.113075510 0.004992543 0.025846124 0.013958111 0.999556005
1403636628913555456.000000 0.294431478 -0.127321005 0.129855797 0.020200565 0.009280976 0.022766093 0.999493599
1403636629263555584.000000 0.367528319 -0.164505258 0.154157788 0.025907541 -0.017702240 0.017457711 0.999355137
1403636629663555584.000000 0.457302630 -0.177469805 0.211861759 0.021066641 -0.061233308 -0.012738575 0.997819841
1403636629963555584.000000 0.554739296 -0.148865849 0.277609646 0.038270585 -0.124074943 -0.027406299 0.991155744
1403636630213555456.000000 0.638424873 -0.160887510 0.344403803 0.017601669 -0.151336700 -0.032563835 0.987788916
1403636630463555584.000000 0.725375175 -0.205659077 0.407766521 0.013088469 -0.158583924 -0.031532306 0.986755073
1403636630713555456.000000 0.803025723 -0.263777882 0.465488195 0.020001538 -0.156521648 -0.020701235 0.987254977
1403636631163555584.000000 0.936614871 -0.315320313 0.595292687 0.014728406 -0.145237461 -0.027276561 0.988911092
1403636632663555584.000000 1.259913445 -0.375728369 1.064725399 0.030342026 -0.125461191 -0.031607687 0.991130590
1403636632963555584.000000 1.300545216 -0.383903980 1.168917298 0.023310827 -0.068871453 0.000005017 0.997353137
1403636633663555584.000000 1.402442694 -0.427538216 1.447956324 0.034415428 -0.027846685 0.010430720 0.998965144
1403636633963555584.000000 1.447724223 -0.466842532 1.593287468 0.029150167 -0.032861456 -0.003011376 0.999030173
1403636634363555584.000000 1.534075499 -0.550078988 1.796519518 0.022511268 -0.035427380 0.006442621 0.999097884
1403636634663555584.000000 1.607345581 -0.608414292 1.959524632 0.007628739 -0.029621102 0.019340305 0.999344945
1403636634963555584.000000 1.668600678 -0.657701373 2.111419439 0.017828520 -0.009438483 0.028869664 0.999379635
1403636635313555456.000000 1.727977514 -0.718902707 2.278621197 0.025842683 0.003934429 0.030241568 0.999200761
1403636635663555584.000000 1.781916857 -0.787918687 2.461525440 0.028073609 0.008784954 0.017926194 0.999406517
1403636636063555584.000000 1.865296006 -0.939749002 2.661509752 0.031288866 0.007200247 0.009086735 0.999443173
1403636636413555456.000000 1.964176178 -1.094417334 2.842334509 0.000128764 0.000429318 0.030355763 0.999539077
1403636636713555456.000000 2.040579557 -1.197352529 2.984534264 -0.011196103 -0.006192757 0.050008975 0.998666823
1403636637213555456.000000 2.099986076 -1.234690785 3.176967382 0.011578886 0.004846279 0.034204971 0.999336004
1403636637713555456.000000 2.110484838 -1.294410944 3.339583874 0.024364755 0.011009430 0.033029970 0.999096692
1403636638013555456.000000 2.109852314 -1.386171579 3.427189350 0.012951254 0.013147421 0.033975121 0.999252260
1403636638363555584.000000 2.110877991 -1.409293413 3.548653603 0.014449776 0.017186288 0.027787086 0.999361634
1403636638713555456.000000 2.127570629 -1.407913208 3.686405420 0.045981977 0.018998871 0.024397638 0.998463571
1403636639063555584.000000 2.156562328 -1.491530538 3.848097324 0.024562411 0.024415884 0.013307782 0.999311507
1403636639413555456.000000 2.220253468 -1.528195381 4.035594940 0.026481256 0.023236418 0.016423911 0.999244273
1403636639763555584.000000 2.312055588 -1.522732973 4.247165680 0.009033961 0.017535293 0.039704062 0.999016762
1403636640063555584.000000 2.372070551 -1.554620862 4.402818203 0.003983479 0.023542261 0.033993136 0.999136806
1403636640363555584.000000 2.424981833 -1.613225579 4.526741505 0.004757086 0.044763584 0.045639791 0.997943163
1403636640663555584.000000 2.475414991 -1.647308111 4.645231247 0.005556735 0.054133646 0.050486203 0.997241080
1403636640913555456.000000 2.515737295 -1.660315156 4.730078220 0.011194735 0.056960952 0.052157871 0.996950209
1403636641213555456.000000 2.553732157 -1.686619163 4.822136402 0.008459637 0.055135168 0.052412421 0.997066438
1403636641463555584.000000 2.581683874 -1.683434725 4.897114277 0.008810274 0.057999000 0.038123317 0.997549534
1403636642713555456.000000 2.725371122 -1.758000374 5.108686924 0.016802687 -0.002780423 0.025454246 0.999530911
1403636643013555456.000000 2.755213261 -1.755995631 5.143437862 0.027382089 -0.004313302 0.022100003 0.999371409
1403636643663555584.000000 2.837205887 -1.796350598 5.232361794 0.034504380 0.000472928 0.022306675 0.999155462
1403636644013555456.000000 2.884427786 -1.868054509 5.307796955 0.049666274 0.000544841 0.028172152 0.998368323
1403636644313555456.000000 2.928975821 -1.907860160 5.421770573 0.029159276 0.005413343 0.013887881 0.999463618
1403636644613555456.000000 2.983605623 -1.915754795 5.569508076 0.002039113 0.011876082 -0.009061460 0.999886334
1403636645263555584.000000 3.194651604 -1.834207058 5.852552414 0.062446136 -0.005497221 0.024224259 0.997739196
1403636645863555584.000000 3.365198374 -1.909814119 6.214332581 0.038456839 -0.007274070 0.024373997 0.998936474
1403636646113555456.000000 3.391968966 -1.912389517 6.443280220 0.013877609 -0.024685873 0.007581967 0.999570191
1403636646413555456.000000 3.536188602 -2.096101761 6.584656239 0.000041780 -0.087002672 -0.029701974 0.995765209
1403636646713555456.000000 3.659302711 -2.183808804 6.760055542 -0.007486173 -0.144481391 -0.030042311 0.989023030
1403636647063555584.000000 3.792637348 -2.310813189 6.901859283 -0.000121269 -0.159638330 -0.032050274 0.986655116
1403636647413555456.000000 3.919864178 -2.387703419 7.026639462 0.003981449 -0.154927269 -0.034602817 0.987311661
1403636647713555456.000000 4.029885292 -2.431876183 7.124276161 -0.011248453 -0.150198907 -0.039880954 0.987787068
1403636648063555584.000000 4.172808647 -2.465813398 7.195026398 -0.004244836 -0.184680864 -0.044720352 0.981771410
1403636648463555584.000000 4.353819847 -2.429524183 7.254868507 -0.005155115 -0.284404457 -0.079537459 0.955385447
1403636649213555456.000000 4.655315876 -2.428704023 7.261763573 0.004404967 -0.352918684 -0.095790140 0.930727243
1403636649613555456.000000 4.801059246 -2.552517414 7.223002434 -0.001110736 -0.341787130 -0.091442227 0.935317397
1403636650013555456.000000 4.925881386 -2.655860424 7.161297798 -0.011990627 -0.365562737 -0.094794355 0.925869405
1403636650413555456.000000 5.028012753 -2.650634050 7.103110790 -0.008686807 -0.428350329 -0.118636772 0.895748794
1403636651013555456.000000 5.132015228 -2.572752953 6.980910301 -0.006118001 -0.500562608 -0.141710654 0.854000986
1403636651513555456.000000 5.157540321 -2.591824055 6.850501537 0.002527785 -0.491255820 -0.142493337 0.859277010
1403636651763555584.000000 5.159460545 -2.577110767 6.787389755 -0.012704372 -0.487338811 -0.140201375 0.861790597
1403636652113555456.000000 5.156784058 -2.505187750 6.680288792 -0.021480987 -0.534865320 -0.164273947 0.828535914
1403636652713555456.000000 5.123785973 -2.333008289 6.455381393 0.023864256 -0.649027824 -0.226504713 0.725871205
1403636653013555456.000000 5.146291256 -2.313058853 6.326389790 0.020631351 -0.655480206 -0.222251222 0.721473753
1403636653313555456.000000 5.194721699 -2.270027399 6.217309475 0.002881086 -0.655743241 -0.198009655 0.728549719
1403636653613555456.000000 5.237091541 -2.256709099 6.113192558 -0.000544148 -0.647532821 -0.191544145 0.737571537
1403636654013555456.000000 5.266276360 -2.239832640 5.988685131 -0.007546866 -0.644188821 -0.187490299 0.741492569
1403636654613555456.000000 5.239607811 -2.191561699 5.810472488 0.000407805 -0.695073485 -0.213361010 0.686549187
1403636655013555456.000000 5.195170879 -2.173929214 5.695650578 -0.000809372 -0.721826673 -0.222960740 0.655174911
1403636655213555456.000000 5.170005798 -2.144692659 5.650330544 -0.012373509 -0.727472723 -0.215093091 0.651433229
1403636655413555456.000000 5.133223057 -2.111292839 5.610281944 -0.020947725 -0.735578895 -0.217733830 0.641152799
1403636655613555456.000000 5.079339981 -2.085796356 5.566748142 -0.015530149 -0.748100698 -0.231870025 0.621562898
1403636656013555456.000000 4.957978249 -1.981384397 5.481380463 -0.010760307 -0.778533638 -0.268629789 0.567104518
1403636656213555456.000000 4.897932053 -1.929811835 5.416556358 -0.004936690 -0.792397439 -0.271383792 0.546289980
1403636656363555584.000000 4.854907990 -1.915637255 5.366516590 -0.001267613 -0.796091378 -0.274489373 0.539344490
1403636656563555584.000000 4.805580139 -1.912776232 5.283752918 0.001661721 -0.796850443 -0.273323923 0.538814127
1403636656763555584.000000 4.762061119 -1.908129454 5.199161053 -0.010306901 -0.800548732 -0.254442751 0.542470634
1403636656963555584.000000 4.717492580 -1.882632256 5.121283054 -0.014904494 -0.802152157 -0.240083247 0.546525240
1403636657163555584.000000 4.659098625 -1.840998650 5.059458733 -0.024140894 -0.799536943 -0.240324661 0.549910843
1403636657363555584.000000 4.585604668 -1.809335709 4.996928692 -0.023052152 -0.795094073 -0.251912892 0.551211298
1403636657563555584.000000 4.502553940 -1.772407889 4.929773331 -0.016776795 -0.789343953 -0.270186990 0.551047742
1403636657763555584.000000 4.418385506 -1.723303080 4.860423088 -0.017005030 -0.790019810 -0.271914095 0.549219668
1403636657963555584.000000 4.333794594 -1.662968159 4.785158634 -0.022504339 -0.789287806 -0.285163760 0.543322980
1403636658163555584.000000 4.250153542 -1.616039038 4.686645031 -0.008997307 -0.794236422 -0.279922366 0.539213300
1403636658363555584.000000 4.172073364 -1.569951534 4.570278168 0.003776305 -0.798625290 -0.272571027 0.536552370
1403636658513555456.000000 4.117590427 -1.527995467 4.490745544 0.012190909 -0.800722480 -0.269066572 0.535068274
1403636658813555456.000000 4.032799721 -1.439795017 4.340885162 0.023621822 -0.806816816 -0.253617823 0.533072829
1403636658963555584.000000 4.001034260 -1.393304110 4.277587891 0.014286410 -0.809176087 -0.247347921 0.532774746
1403636659113555456.000000 3.973491192 -1.344298363 4.222935200 0.002019500 -0.809824109 -0.244847924 0.533132553
1403636659263555584.000000 3.943188429 -1.290940762 4.176771164 -0.002717657 -0.809902787 -0.243220970 0.533754289
1403636659413555456.000000 3.908491135 -1.246344566 4.138872147 0.004036437 -0.807344198 -0.251211077 0.533921361
1403636659713555456.000000 3.843349457 -1.185116291 4.066423893 0.007631234 -0.808271408 -0.251643747 0.532272995
1403636659913555456.000000 3.803648949 -1.132019520 4.033822060 0.006812308 -0.809906244 -0.251800776 0.529718637
1403636660063555584.000000 3.775099754 -1.083448291 4.018661499 0.014642923 -0.807690918 -0.262292325 0.527848125
1403636660213555456.000000 3.749552965 -1.032050371 4.011812687 0.019574350 -0.806336403 -0.268552989 0.526609659
1403636660413555456.000000 3.730514765 -0.969556808 4.002963543 0.032492910 -0.801153541 -0.284730971 0.525381267
1403636660813555456.000000 3.762888908 -0.874040544 3.978163242 0.024389952 -0.813212037 -0.246433765 0.526651382
1403636661013555456.000000 3.793484211 -0.809867442 3.991688251 0.020661935 -0.815680683 -0.237173185 0.527244747
1403636661213555456.000000 3.826810360 -0.747880995 4.025794983 0.006862734 -0.814493179 -0.240930006 0.527737200
1403636661413555456.000000 3.853479385 -0.698359668 4.071526527 0.002706386 -0.814090848 -0.241941273 0.527932942
1403636661613555456.000000 3.872513771 -0.678014696 4.119177341 0.000834074 -0.811603606 -0.248540044 0.528702915
1403636661813555456.000000 3.885008097 -0.681741834 4.165310860 -0.011842332 -0.809705794 -0.251068473 0.530283749
1403636662013555456.000000 3.887847185 -0.706538379 4.205233574 -0.017770013 -0.808621287 -0.251254827 0.531683028
1403636662513555456.000000 3.842526913 -0.760014057 4.312397957 0.014775034 -0.809456468 -0.254994482 0.528715193
1403636662763555584.000000 3.823595285 -0.763874054 4.384616852 -0.009960616 -0.803583622 -0.275520295 0.527487159
1403636663013555456.000000 3.807542801 -0.740261853 4.449258327 -0.010937158 -0.799902618 -0.288752943 0.525982857
1403636663313555456.000000 3.793998718 -0.712117016 4.481390953 0.008697135 -0.800987184 -0.289219379 0.524114490
1403636663613555456.000000 3.812481403 -0.651214004 4.495669365 0.042804308 -0.801464975 -0.287034094 0.522908330
1403636663863555584.000000 3.875050068 -0.597125232 4.508811474 0.057451475 -0.806470692 -0.266455233 0.524696112
1403636664113555456.000000 3.986915112 -0.589479744 4.534766197 0.049852800 -0.812394440 -0.238879085 0.529591143
1403636664363555584.000000 4.123150349 -0.608571172 4.595987797 0.019769637 -0.809517801 -0.235745937 0.537321091
1403636664663555584.000000 4.282702446 -0.585813999 4.716609955 -0.000990183 -0.801609039 -0.237683013 0.548569739
1403636665013555456.000000 4.441302299 -0.604209304 4.870631218 0.006312467 -0.791847110 -0.246603757 0.558681369
1403636665363555584.000000 4.592192650 -0.683729887 5.015447140 -0.005865668 -0.784997106 -0.258263469 0.563067615
1403636665863555584.000000 4.799468517 -0.805227637 5.204183578 0.007007396 -0.794806480 -0.240673959 0.557054400
1403636666313555456.000000 4.968861580 -0.906585276 5.394388199 -0.013239915 -0.794613540 -0.246523604 0.554653108
1403636666763555584.000000 5.076964378 -0.977647662 5.572257996 0.005717249 -0.786686659 -0.258784264 0.560465991
1403636667263555584.000000 5.201699257 -1.043827057 5.721600056 -0.000769448 -0.787194550 -0.248891830 0.564249039
1403636667713555456.000000 5.311023712 -1.056609154 5.854162216 0.004702975 -0.779107153 -0.267990738 0.566701770
1403636668163555584.000000 5.435598850 -1.093459249 5.957579613 0.006663265 -0.783911526 -0.263870358 0.561970413
1403636668613555456.000000 5.585949898 -1.052365303 6.065932751 0.014149016 -0.792075217 -0.259049326 0.552548766
1403636669013555456.000000 5.749103546 -1.032480597 6.186864376 0.018676208 -0.802466035 -0.235640571 0.547880411
1403636669363555584.000000 5.877897739 -1.076982141 6.327513218 0.002019087 -0.802574456 -0.240014836 0.546134651
1403636669713555456.000000 5.989928722 -1.091943502 6.500147343 -0.014060679 -0.807526708 -0.218879491 0.547535062
1403636670113555456.000000 6.021989822 -1.165082216 6.713068962 -0.058172222 -0.785118937 -0.270235538 0.554235578
1403636671163555584.000000 5.521121979 -1.251699805 6.533424854 -0.103296302 -0.643736541 -0.246927097 0.716910124
1403636671613555456.000000 5.104132175 -1.192059159 6.005334854 0.023344172 -0.590079665 -0.199385613 0.781988740
1403636672113555456.000000 4.777194023 -1.110309601 5.449559212 0.088409930 -0.575298011 -0.203631669 0.787242055
1403636672713555456.000000 4.715044975 -1.116614223 5.064076424 0.021532057 -0.596822977 -0.158009052 0.786366224
1403636673413555456.000000 4.706470490 -1.018358469 4.963976860 0.066319428 -0.528749943 -0.169086307 0.829117060
1403636674963555584.000000 5.031207085 -1.004184604 5.472225666 0.027429853 -0.471600413 -0.173979521 0.864043832
1403636675713555456.000000 5.360956669 -1.077659607 5.792349815 0.021292645 -0.461631984 -0.100854643 0.881062329
1403636676863555584.000000 5.695541382 -1.151076317 6.505766392 0.018237410 -0.246433482 -0.064655580 0.966828644
1403636677363555584.000000 5.796638966 -1.199230313 6.838457108 0.004706379 -0.238657981 -0.035288911 0.970450878
1403636678413555456.000000 5.835039616 -1.357721210 7.274537086 0.013162460 -0.040509522 0.009884866 0.999043524
1403636678963555584.000000 5.871846199 -1.448522210 7.410638809 0.014003797 0.063544668 0.095613189 0.993289530
1403636679413555456.000000 5.811054707 -1.457265973 7.501441956 0.001243968 0.181322232 0.086067230 0.979649484
1403636679863555584.000000 5.756418705 -1.523126841 7.524292469 0.002011239 0.245736346 0.109159254 0.963168681
1403636680263555584.000000 5.724695206 -1.630231261 7.483605385 -0.019134680 0.235634655 0.141538188 0.961289287
1403636680913555456.000000 5.544185638 -1.617025852 7.259998322 0.014010248 0.230280325 0.109475233 0.966845334
1403636681363555584.000000 5.362760544 -1.531849623 7.102242470 0.015246187 0.227575749 0.116966903 0.966589689
1403636681763555584.000000 5.198004246 -1.500028968 6.960603237 0.004732906 0.234371260 0.117329001 0.965029359
1403636682163555584.000000 5.015615463 -1.450768590 6.816664696 0.003006849 0.242196038 0.111517131 0.963792503
1403636682663555584.000000 4.805134296 -1.399307132 6.605978489 0.006640059 0.237119302 0.113272160 0.964831471
1403636682963555584.000000 4.676845551 -1.368737698 6.479806900 -0.002535391 0.231289268 0.114184156 0.966157794
1403636683313555456.000000 4.524594784 -1.323817015 6.308300972 0.002087107 0.233443186 0.111584425 0.965944529
1403636683713555456.000000 4.363004684 -1.214304328 6.113888741 0.011459073 0.239780873 0.109687619 0.964542627
1403636684113555456.000000 4.205841064 -1.140004396 5.918818951 0.014812389 0.246095821 0.109383248 0.962939620
1403636684463555584.000000 4.080728531 -1.123180151 5.747988701 0.005015207 0.253574580 0.107521147 0.961308479
1403636684863555584.000000 3.963322163 -1.049666762 5.558149338 0.002248424 0.257870585 0.101147287 0.960867822
1403636685263555584.000000 3.885594845 -0.957750559 5.368489265 0.007711915 0.245584354 0.121432252 0.961708426
1403636685713555456.000000 3.783429623 -0.886708856 5.128636360 0.009251657 0.238854036 0.116754815 0.963966548
1403636686163555584.000000 3.665497065 -0.763657093 4.897823334 0.015349505 0.241284996 0.110289373 0.964044690
1403636687063555584.000000 3.432600975 -0.624073982 4.487632751 0.016131729 0.245533705 0.103838123 0.963675559
1403636687963555584.000000 3.268130779 -0.456560671 4.190665245 0.007198465 0.250259757 0.105682760 0.962366581
1403636688413555456.000000 3.212403774 -0.313725829 4.057312965 0.009716581 0.249484792 0.109804764 0.962084115
1403636688813555456.000000 3.159605026 -0.178655341 3.940134525 0.008188060 0.246169969 0.128277302 0.960665524
1403636689213555456.000000 3.071338654 -0.082585350 3.793533325 0.024122840 0.273664802 0.123405874 0.953570485
1403636689613555456.000000 2.965981245 -0.085359350 3.649497032 0.032089856 0.286641896 0.123540625 0.949496925
1403636690013555456.000000 2.855369568 -0.119084835 3.563644886 0.047839541 0.292190611 0.095642693 0.950362325
1403636690363555584.000000 2.778787136 -0.149728224 3.567996979 0.041327272 0.280617595 0.118083626 0.951631308
1403636690713555456.000000 2.696914911 -0.211083710 3.617990971 0.039953191 0.289857626 0.088447072 0.952136219
1403636691013555456.000000 2.661473751 -0.214805067 3.720735788 0.012060485 0.303987771 0.046266474 0.951475382
1403636691263555584.000000 2.704301357 -0.242573306 3.816868782 -0.025108254 0.300663680 0.066174008 0.951100409
1403636691663555584.000000 2.890946388 -0.342196733 3.901331186 0.003997906 0.294455796 0.112575911 0.949002862
1403636692813555456.000000 3.482014179 -0.705708802 3.956885338 0.011221790 0.275615871 0.147735775 0.949781060
1403636693413555456.000000 3.664760113 -0.862655461 3.910086155 0.036204387 0.282699198 0.135140136 0.948950768
1403636694013555456.000000 3.706995010 -0.930148005 3.976262093 0.018564556 0.290228099 0.124733999 0.948611856
1403636694813555456.000000 3.712725878 -1.004240155 4.121164322 0.013345996 0.289747804 0.123651296 0.948988140
1403636695763555584.000000 3.761262178 -1.060084701 4.298937321 0.008544886 0.275857121 0.126169011 0.952843726
1403636697063555584.000000 3.774216652 -1.004213333 4.419660568 -0.001776336 0.263717532 0.138073713 0.954665184
1403636698263555584.000000 3.564324141 -1.015593529 4.157782555 0.015592412 0.168803170 0.091789521 0.981242597
1403636699313555456.000000 3.253208637 -0.826752245 4.002202034 0.020596186 -0.079533942 -0.022511814 0.996365070
1403636700563555584.000000 3.207932472 -0.654721797 3.902032614 0.006380233 -0.254413784 -0.084806159 0.963348746
1403636701713555456.000000 3.423898697 -0.517007709 3.775656462 0.010027463 -0.282756031 -0.074286744 0.956258297
1403636702913555456.000000 3.722455978 -0.275123417 3.788317442 0.033859756 -0.396309018 -0.114238754 0.910352767
1403636704113555456.000000 4.093312740 -0.204935014 3.898250818 0.002924139 -0.382367283 -0.117994145 0.916441023
1403636705313555456.000000 4.560208321 -0.171228051 4.115799904 0.025558660 -0.377816647 -0.097474709 0.920380354
1403636706213555456.000000 4.987904549 -0.254024863 4.551444054 -0.003362505 -0.368427694 -0.115651384 0.922428608
1403636707013555456.000000 5.353862762 -0.337514460 4.912198067 0.029302482 -0.377593994 -0.097550184 0.920352161
1403636707813555456.000000 5.679140091 -0.613202214 5.351398468 0.025139356 -0.382189721 -0.120042436 0.915908754
1403636708763555584.000000 6.121091843 -0.703153372 5.969208717 -0.001498373 -0.378648907 -0.101742536 0.919930041
1403636709513555456.000000 6.378846645 -0.784688413 6.303599834 0.013210933 -0.399111450 -0.089964166 0.912382543
1403636710213555456.000000 6.438061714 -0.866091013 6.667998314 0.013469027 -0.389226735 -0.085938334 0.917025506
1403636710863555584.000000 6.412608147 -0.863855779 7.048776150 -0.000993565 -0.312119126 -0.085705951 0.946168661
1403636711463555584.000000 6.359597206 -0.910809398 7.298085690 -0.010411075 -0.269721210 -0.048516523 0.961659133
1403636712063555584.000000 6.176836967 -0.999429464 7.435353756 -0.010557119 -0.271871865 -0.075898379 0.959277689
1403636712763555584.000000 5.882595062 -1.158705115 7.409932137 -0.023332927 -0.219714850 -0.033826586 0.974698246
1403636713563555584.000000 5.454491615 -1.259129047 7.193735600 -0.004844043 -0.205780461 -0.048617873 0.977377713
1403636714663555584.000000 5.003909588 -1.236301899 6.749700069 0.024791658 -0.199687928 -0.058585688 0.977792323
1403636716963555584.000000 4.683748245 -1.136186361 6.109289646 0.007517631 -0.054755285 0.005913776 0.998453975
1403636718163555584.000000 4.486550331 -0.990276456 5.651194096 0.010423422 0.067243814 0.068715215 0.995312929
1403636719413555456.000000 4.061842442 -0.711329758 5.252213478 -0.006004253 0.166169629 0.078763142 0.982928276
1403636720663555584.000000 3.849433899 -0.476036459 4.844065666 0.018608101 0.156216830 0.068115175 0.985195577
1403636721913555456.000000 3.852845907 -0.364321828 4.572124004 0.006868927 0.035663754 0.035752494 0.998700500
1403636723063555584.000000 3.857671976 -0.245863557 4.269480228 0.008560563 0.023915892 0.034928404 0.999066949
1403636724313555456.000000 3.778051853 -0.144183159 3.901544571 0.023324715 -0.069900312 0.001420427 0.997280240
1403636728213555456.000000 3.529687643 -0.501810133 3.035092831 0.002347288 -0.100257047 0.003020663 0.994954228
1403636729463555584.000000 3.265612841 -0.439055502 2.674298763 0.000244192 -0.031854048 0.022736628 0.999233842
1403636730763555584.000000 2.949675322 -0.316396505 2.230814219 0.035872076 -0.027308648 0.017148184 0.998835981
1403636732113555456.000000 2.830129147 -0.249111310 2.096052647 0.007387872 -0.027061077 0.010016932 0.999556303
1403636733513555456.000000 2.701280832 -0.152546555 1.747235537 0.009504667 -0.023137130 0.024282614 0.999392152
1403636734813555456.000000 2.377454042 -0.109121174 1.254706502 0.020239931 -0.015490742 0.022915054 0.999412477
1403636736513555456.000000 2.033926964 -0.180229694 0.907781184 0.007542140 0.015691377 0.040939115 0.999009967
1403636737713555456.000000 1.747099996 -0.104725718 0.735165477 0.023043616 0.048620995 0.031446308 0.998056173
1403636739313555456.000000 1.687587023 -0.174571842 0.698680520 0.008669853 -0.145700485 -0.039238892 0.988512278
1403636740513555456.000000 1.886632442 -0.006075885 0.766266763 0.003792461 -0.236453518 -0.058254898 0.969887495
1403636741563555584.000000 1.992286444 0.289416611 0.800623477 0.019286621 -0.252035260 -0.077058323 0.964452326
1403636742963555584.000000 2.105487347 0.477409154 0.900900543 0.000516707 -0.233477592 -0.059367027 0.970548034
1403636744113555456.000000 2.322436333 0.660961092 1.192440867 0.003889060 -0.280735672 -0.070240580 0.957203567
1403636745313555456.000000 2.565780640 1.129146576 1.547083855 0.014098737 -0.281383246 -0.078143910 0.956304431
1403636746263555584.000000 2.692457914 1.101013184 1.611409903 -0.002630469 -0.320730716 -0.059231572 0.945312917
1403636748113555456.000000 2.504109383 0.776237011 1.774013996 -0.001100223 -0.308726490 -0.111978054 0.944535673
1403636750413555456.000000 2.545247555 0.383911252 1.825339198 -0.004497949 -0.315953404 -0.080213957 0.945367098
1403636752463555584.000000 2.326570511 -0.239846170 1.522031903 0.000658862 -0.249936759 -0.061902460 0.966281176
1403636753863555584.000000 2.228542805 -0.352089316 1.469871163 0.005340485 -0.011311545 0.031755384 0.999417424
1403636755413555456.000000 1.764705181 -0.313099205 1.183918357 0.019400129 0.057195351 0.059012875 0.996428490
1403636756613555456.000000 1.235045910 -0.247801125 0.848998189 0.001797111 0.057645708 0.053399749 0.996906340
1403636757713555456.000000 0.727303326 -0.128540382 0.440372050 0.030643383 0.075470708 0.067219757 0.994407713
1403636758763555584.000000 0.227335170 -0.113878958 0.166955948 0.039890163 0.107757896 0.038009688 0.992649138
1403636759513555456.000000 0.051060416 -0.006356246 0.158982560 0.004067070 0.109799780 0.039392501 0.993164480
1403636760313555456.000000 0.040917650 0.087298669 0.114957348 0.011187837 0.106424801 0.054497045 0.992763162
1403636761163555584.000000 0.024939293 0.197768971 0.073621534 0.034508292 0.105114080 0.068268463 0.991513789
1403636761813555456.000000 -0.051605273 0.207538322 0.084531277 0.009162046 0.112526745 0.042113073 0.992713571
1403636762463555584.000000 -0.101536162 0.191488996 0.082069933 0.040539909 0.098740377 0.068615451 0.991916716
