1403636579763555584.000000 0.000000000 0.000000000 0.000000000 0.000000000 0.000000000 0.000000000 1.000000000
1403636580413555456.000000 -0.006744480 0.280050248 0.075445592 0.046870440 -0.003865628 0.002663196 0.998889923
1403636580463555584.000000 -0.007564326 0.292205632 0.076715142 0.055687249 -0.003466556 0.002902164 0.998438001
1403636580563555584.000000 -0.009113859 0.297767818 0.076131344 0.070428193 -0.002100042 0.001634784 0.997513294
1403636582213555456.000000 -0.002194715 0.260759026 0.067459993 0.059463914 -0.018134424 0.010088750 0.998014748
1403636582863555584.000000 -0.011101062 -0.074305490 -0.009929137 0.012878265 -0.035128627 0.007802257 0.999269366
1403636583163555584.000000 -0.004324250 -0.169775158 -0.039583839 -0.019134406 -0.044764653 0.009338859 0.998770654
1403636583363555584.000000 0.001072164 -0.091708653 -0.016936490 -0.012236204 -0.042601474 0.012726689 0.998936176
1403636583913555456.000000 0.015076246 0.242606923 0.071320124 0.059010308 -0.031925298 0.007196051 0.997720778
1403636583963555584.000000 0.015101882 0.259919763 0.073742464 0.062262978 -0.030297369 0.010851151 0.997540772
1403636584013555456.000000 0.014404450 0.271040440 0.074937344 0.063577734 -0.026840851 0.011302207 0.997551858
1403636584313555456.000000 0.006607117 0.197859973 0.055835143 0.060763903 -0.017370244 0.013521488 0.997909427
1403636584663555584.000000 0.004673967 -0.041425042 0.013666821 0.022547424 -0.036281452 0.021380700 0.998858392
1403636584863555584.000000 -0.001257576 -0.160473302 -0.018815992 -0.012730886 -0.046387482 0.017931778 0.998681426
1403636584963555584.000000 -0.001017819 -0.185910434 -0.026104879 -0.020789625 -0.046506748 0.012960666 0.998617530
1403636585063555584.000000 -0.005822250 -0.190583318 -0.033459555 -0.018306078 -0.050470226 0.010410358 0.998503506
1403636586363555584.000000 0.005273584 0.108972579 -0.018924339 0.166640326 -0.043753363 -0.012521900 0.984966934
1403636587513555456.000000 0.107761256 0.089082621 -0.010648374 0.197908521 -0.029325860 -0.011111883 0.979718685
1403636587913555456.000000 0.252774894 0.076988049 0.006801158 0.185857430 -0.051028110 -0.027779156 0.980857491
1403636589513555456.000000 -0.028153079 0.090086378 -0.034059260 0.196107835 -0.023050580 -0.014368890 0.980206072
1403636589713555456.000000 -0.123323157 0.096941546 -0.040820241 0.191802070 -0.017583547 -0.011283394 0.981211245
1403636589913555456.000000 -0.204526782 0.109212562 -0.046721198 0.200093329 -0.001755929 -0.008920632 0.979734659
1403636590213555456.000000 -0.268269956 0.114752412 -0.053207342 0.190498784 0.018364746 -0.008855090 0.981475711
1403636591663555584.000000 0.185629994 0.116093151 -0.011531454 0.181771889 -0.047906633 -0.021408493 0.981939733
1403636592413555456.000000 0.254401833 0.086180091 0.105499864 0.169767931 -0.097369701 -0.046556536 0.979556262
1403636592763555584.000000 0.194281161 0.053222511 0.205733776 0.152216494 -0.039844658 -0.021838926 0.987302184
1403636593263555584.000000 -0.080408439 0.074295655 0.158882007 0.169382364 0.095301919 0.004304212 0.980922341
1403636593363555584.000000 -0.126049414 0.087401375 0.119220287 0.173424631 0.108171798 0.005443254 0.978873372
1403636593513555456.000000 -0.162479952 0.113392353 0.052536108 0.178515792 0.106408812 0.007477154 0.978137732
1403636593763555584.000000 -0.137645781 0.159908980 -0.047495652 0.196519405 0.064867191 -0.016180489 0.978218019
1403636593913555456.000000 -0.077538937 0.177224264 -0.094405390 0.191265419 0.011278792 -0.038086902 0.980734289
1403636594063555584.000000 0.000219494 0.183312878 -0.118194386 0.175751418 -0.049528662 -0.055727378 0.981607258
1403636594313555456.000000 0.145388350 0.174672425 -0.095266856 0.174464658 -0.120024681 -0.074610472 0.974468768
1403636594563555584.000000 0.272204727 0.143335685 0.006548308 0.156298041 -0.141460076 -0.064222775 0.975415528
1403636594763555584.000000 0.292139590 0.115512565 0.098038986 0.143703654 -0.129250377 -0.061916217 0.979188442
1403636595463555584.000000 -0.101055175 0.139788583 0.115303814 0.153868213 0.076540485 0.007011880 0.985097468
1403636595813555456.000000 -0.007186679 0.180927441 0.012536526 0.165050387 0.045033585 0.008072467 0.985223413
1403636596013555456.000000 0.100473657 0.206024334 -0.034839600 0.168442607 -0.018404104 -0.004924725 0.985527337
1403636596213555456.000000 0.143607780 0.226637974 -0.094903886 0.173111856 -0.061184444 -0.023569519 0.982717276
1403636596713555456.000000 -0.011958811 0.234906033 -0.255264729 0.160784900 -0.062563837 -0.017439285 0.984850168
1403636597513555456.000000 0.060324978 0.121706940 0.103202805 0.164706066 -0.001134905 0.024488309 0.986038029
1403636598263555584.000000 -0.031545758 0.187653631 -0.004850700 0.175046414 0.071519837 0.051770706 0.980593443
1403636598763555584.000000 0.020777678 0.237447113 0.071189299 0.144238293 0.079619251 0.055993624 0.984744012
1403636598963555584.000000 0.037514128 0.259639472 0.144149393 0.101160847 0.091635942 0.049770821 0.989389837
1403636599013555456.000000 0.040591467 0.266872376 0.158916891 0.093360119 0.092496842 0.050441805 0.990042329
1403636599113555456.000000 0.044480424 0.277557343 0.182640463 0.075766914 0.098556966 0.046082433 0.991172194
1403636599163555584.000000 0.045882370 0.280823708 0.191422924 0.063088797 0.103085235 0.042475723 0.991760552
1403636625013555456.000000 0.134683579 0.315315396 0.198299646 0.026067391 0.057948411 0.066641070 0.995751679
1403636625063555584.000000 0.140502036 0.307941914 0.188831523 0.032220915 0.056962062 0.070041001 0.995395064
1403636625113555456.000000 0.144470453 0.298710793 0.179327339 0.037295718 0.057111867 0.071281970 0.995121181
1403636625163555584.000000 0.146961898 0.287368625 0.170631945 0.039727386 0.058512732 0.067002498 0.995243013
1403636625213555456.000000 0.148243293 0.274124622 0.162350535 0.038226839 0.060082737 0.063225143 0.995455325
1403636625263555584.000000 0.148985788 0.260326385 0.155843347 0.034916289 0.061491918 0.059882805 0.995697558
1403636625363555584.000000 0.149770498 0.243056968 0.147550166 0.028959116 0.064974882 0.054791655 0.995960593
1403636625513555456.000000 0.150076762 0.248238847 0.149211153 0.035064097 0.066134900 0.055560004 0.995645404
1403636625613555456.000000 0.148490191 0.252895623 0.155424789 0.036085293 0.066923343 0.057391126 0.995452344
1403636625713555456.000000 0.144135818 0.241401032 0.162497357 0.031446181 0.068383060 0.057673920 0.995494187
1403636625813555456.000000 0.136319011 0.212363839 0.167880535 0.021335466 0.069528706 0.057265654 0.995706379
1403636625863555584.000000 0.132328019 0.190868512 0.169429615 0.015199306 0.071088232 0.054981075 0.995837629
1403636625963555584.000000 0.124356896 0.140502319 0.167348444 0.009244085 0.072955139 0.052150909 0.995927930
1403636626163555584.000000 0.102851078 0.043014508 0.167354271 0.005046162 0.078910068 0.037426457 0.996166170
1403636626213555456.000000 0.098419033 0.021758171 0.165416703 0.004813530 0.080154598 0.033739578 0.996199608
1403636626363555584.000000 0.093448862 -0.017533805 0.174044043 0.004178354 0.081795305 0.029860843 0.996192932
1403636627063555584.000000 0.156160861 0.000461781 0.176977783 0.014804343 0.081392832 0.055749487 0.995011568
1403636627313555456.000000 0.178666055 -0.004823229 0.160466045 0.008782039 0.082932286 0.054595280 0.995019853
1403636627763555584.000000 0.224899203 -0.050744720 0.114925772 0.023177709 0.060394160 0.043678738 0.996949077
1403636627913555456.000000 0.247483492 -0.032121196 0.114446551 0.038673993 0.041373584 0.040141225 0.997587740
1403636628163555584.000000 0.275496364 -0.054081351 0.126601234 0.025090761 0.024377132 0.035700373 0.998750091
1403636628213555456.000000 0.278255433 -0.063722171 0.132009998 0.016167050 0.023258222 0.033492416 0.999037504
1403636628313555456.000000 0.287882864 -0.090625338 0.138459146 0.005898193 0.023928314 0.024235539 0.999402463
1403636628413555456.000000 0.298174411 -0.118907042 0.144215181 0.004131171 0.024480844 0.018802000 0.999514937
1403636628563555584.000000 0.316727549 -0.148832917 0.152756840 0.005121901 0.026562400 0.015420410 0.999515116
1403636628713555456.000000 0.348543137 -0.168248907 0.158207327 0.006370259 0.027745266 0.016521439 0.999458194
1403636628813555456.000000 0.373691559 -0.169269115 0.165868357 0.011712011 0.019973516 0.021480463 0.999501109
1403636628963555584.000000 0.414274395 -0.173578620 0.176091239 0.024169285 0.007002247 0.024752837 0.999376833
1403636629113555456.000000 0.457516909 -0.195599824 0.189237669 0.028889669 -0.001733797 0.024578055 0.999278903
1403636629213555456.000000 0.481959194 -0.211653009 0.200685799 0.027777962 -0.011827648 0.021517597 0.999312520
1403636629313555456.000000 0.511716545 -0.226219952 0.214390442 0.023521986 -0.020670034 0.016502824 0.999373376
1403636629463555584.000000 0.554154873 -0.240250349 0.246898994 0.014245842 -0.030426180 0.003020086 0.999430954
1403636629613555456.000000 0.602663875 -0.239195183 0.274321884 0.015556385 -0.050319023 -0.008689008 0.998574257
1403636629713555456.000000 0.639395356 -0.227855295 0.300136805 0.025240295 -0.070045047 -0.012334488 0.997148156
1403636629813555456.000000 0.683836162 -0.216832668 0.322567463 0.032713950 -0.091692440 -0.017124908 0.995102525
1403636629963555584.000000 0.748915315 -0.197226614 0.379111767 0.037411500 -0.122806303 -0.025800074 0.991389573
1403636630113555456.000000 0.814917982 -0.195630774 0.430758476 0.030413076 -0.141979739 -0.030155100 0.988942623
1403636630563555584.000000 1.021715522 -0.295268536 0.558000147 0.015585233 -0.156700402 -0.025181277 0.987202108
1403636631113555456.000000 1.232997656 -0.398974031 0.756391943 0.014828383 -0.144171014 -0.025273945 0.989118814
1403636631363555584.000000 1.333313465 -0.418672949 0.859557271 0.009843366 -0.141721457 -0.023555150 0.989577353
1403636631563555584.000000 1.402014017 -0.418976724 0.950931728 0.010509290 -0.141363621 -0.019795001 0.989704013
1403636631963555584.000000 1.533477545 -0.439924181 1.114761829 0.014746023 -0.139358327 -0.013260133 0.990043402
1403636632313555456.000000 1.629141688 -0.487328410 1.235095501 0.009611082 -0.142428786 -0.009468314 0.989713073
1403636632613555456.000000 1.672106862 -0.485568017 1.369652390 0.025488557 -0.130691603 -0.027346246 0.990718007
1403636632713555456.000000 1.681069851 -0.480692625 1.420062542 0.031424306 -0.116092227 -0.030693399 0.992266595
1403636633113555456.000000 1.758913279 -0.518306017 1.592996836 0.018739304 -0.046292759 0.018407853 0.998582482
1403636633863555584.000000 1.902607918 -0.571670294 2.015234947 0.030878907 -0.030908693 0.006627308 0.999023139
1403636634363555584.000000 2.022942543 -0.706263900 2.353233576 0.021771623 -0.034762494 0.008897771 0.999118805
1403636634913555456.000000 2.195963383 -0.819177330 2.720737696 0.013331876 -0.010938028 0.028258085 0.999451876
1403636635513555456.000000 2.328014612 -0.955021381 3.106583357 0.027928455 0.010358068 0.021764025 0.999319315
1403636635763555584.000000 2.375895262 -1.044849873 3.280974150 0.022083174 0.009707368 0.015974207 0.999581397
1403636635963555584.000000 2.429264545 -1.145160079 3.410430670 0.020056168 0.011344657 0.003205568 0.999729335
1403636636113555456.000000 2.481859446 -1.218797207 3.507460594 0.032025330 0.006595002 0.014328297 0.999362588
1403636636213555456.000000 2.516597033 -1.273586392 3.574462891 0.025712166 0.003552311 0.023162641 0.999394715
1403636636263555584.000000 2.534898520 -1.304736733 3.607466459 0.019563749 0.002571884 0.026242115 0.999460876
1403636636313555456.000000 2.556124687 -1.333790183 3.642989874 0.013901438 0.002250054 0.028251991 0.999501646
1403636636413555456.000000 2.590363979 -1.397583008 3.703148127 -0.001199170 0.001410177 0.031065362 0.999515653
1403636636463555584.000000 2.612326860 -1.427667856 3.734579325 -0.008054939 0.002036962 0.032096960 0.999450207
1403636636563555584.000000 2.643698454 -1.474475622 3.798804522 -0.012342381 -0.000492468 0.038179718 0.999194562
1403636636663555584.000000 2.677277088 -1.510312915 3.857354641 -0.012670654 -0.003344796 0.046948735 0.998811364
1403636636763555584.000000 2.708013058 -1.540912628 3.910889864 -0.012247065 -0.005758964 0.054918963 0.998399079
1403636636863555584.000000 2.728634357 -1.558141470 3.968586922 -0.010217632 -0.008772345 0.064405330 0.997832954
1403636637063555584.000000 2.752363682 -1.573807836 4.070177555 -0.000920654 0.001176279 0.043071628 0.999070883
1403636637263555584.000000 2.768532753 -1.573239565 4.163880825 0.013045056 0.006569619 0.034076199 0.999312520
1403636637513555456.000000 2.781146288 -1.596374273 4.266363621 0.020688601 0.009591503 0.034579452 0.999141753
1403636637663555584.000000 2.782713890 -1.636572242 4.325785637 0.023882832 0.011975136 0.032813489 0.999104321
1403636637763555584.000000 2.783027649 -1.669132710 4.363799572 0.021623906 0.012740263 0.033464577 0.999124706
1403636637863555584.000000 2.781256914 -1.710034609 4.402866364 0.017603569 0.013157072 0.034402654 0.999166369
1403636637963555584.000000 2.782718658 -1.752108932 4.439362049 0.013110382 0.014071476 0.034257475 0.999228001
1403636638113555456.000000 2.781138659 -1.787001014 4.506251812 0.007254088 0.015027090 0.034005016 0.999282360
1403636638263555584.000000 2.784383059 -1.797979355 4.574217319 0.004952286 0.015885424 0.033888552 0.999287069
1403636638413555456.000000 2.787830830 -1.796918035 4.638364315 0.023305312 0.020259468 0.022631807 0.999266863
1403636638613555456.000000 2.795090675 -1.784986496 4.740226269 0.048891079 0.022528149 0.015246700 0.998433590
1403636638813555456.000000 2.817686796 -1.815274000 4.854010105 0.033846095 0.019374128 0.028717102 0.998826504
1403636638913555456.000000 2.828812838 -1.847120166 4.914621830 0.026213994 0.020557605 0.026827281 0.999084830
1403636639013555456.000000 2.841167688 -1.883550167 4.973410606 0.023295505 0.023499953 0.018902438 0.999273598
1403636639113555456.000000 2.854010105 -1.918686271 5.036669254 0.022426149 0.027168866 0.008460183 0.999343455
1403636639213555456.000000 2.871686459 -1.940487266 5.102327824 0.023456285 0.029412761 0.001007354 0.999291599
1403636639313555456.000000 2.898987293 -1.949781179 5.168861866 0.024635179 0.028405316 0.004383302 0.999283254
1403636639413555456.000000 2.930930138 -1.949310422 5.244980335 0.024799122 0.024372226 0.016594000 0.999257565
1403636639513555456.000000 2.966609240 -1.948106766 5.320976257 0.023500647 0.020331997 0.029844727 0.999071360
1403636639613555456.000000 3.001504898 -1.941396952 5.402260303 0.019088630 0.016588377 0.042433351 0.998779178
1403636639663555584.000000 3.018498421 -1.940898657 5.439495564 0.015729826 0.016456824 0.043884888 0.998777211
1403636639763555584.000000 3.047388077 -1.943903685 5.515806198 0.007942834 0.018376177 0.040377188 0.998983920
1403636639813555456.000000 3.061245918 -1.947712898 5.552139759 0.006150935 0.019062594 0.038589489 0.999054372
1403636639913555456.000000 3.094337940 -1.959913254 5.618906498 0.004430872 0.021852121 0.033259578 0.999198020
1403636640063555584.000000 3.130339861 -1.983824253 5.719550133 0.002905471 0.024865378 0.034445409 0.999092996
1403636640513555456.000000 3.235415697 -2.087672710 5.950549126 0.004992939 0.052313939 0.048787870 0.997425735
1403636640663555584.000000 3.264977932 -2.100368500 6.024881840 0.004166781 0.055394370 0.050532989 0.997176290
1403636640813555456.000000 3.298582315 -2.105056286 6.089471817 0.007366377 0.057603821 0.051419612 0.996987224
1403636640913555456.000000 3.319411993 -2.112435818 6.133052349 0.009745141 0.058534540 0.052074693 0.996878624
1403636641063555584.000000 3.341044664 -2.138819218 6.191627979 0.008757329 0.057563338 0.052160174 0.996939838
1403636641463555584.000000 3.402147055 -2.149328947 6.345569134 0.008334846 0.059193417 0.038867813 0.997454762
1403636641663555584.000000 3.432346821 -2.142482281 6.424446583 0.007453950 0.055153105 0.045105468 0.997430742
1403636641863555584.000000 3.459106684 -2.165788412 6.477825642 0.005649912 0.053116597 0.047889847 0.997423291
1403636642513555456.000000 3.558813572 -2.260745049 6.595297813 -0.000232561 0.006287550 0.028941927 0.999561310
1403636643013555456.000000 3.629612923 -2.232060432 6.665879726 0.025653450 -0.003440357 0.022500431 0.999411702
1403636643163555584.000000 3.649986029 -2.254396439 6.692063808 0.014766339 -0.002489224 0.021450909 0.999657750
1403636643363555584.000000 3.679001570 -2.260506392 6.732784748 0.013553064 -0.001838329 0.021766877 0.999669492
1403636643713555456.000000 3.741804123 -2.305610657 6.789852619 0.036621053 0.001652589 0.024003848 0.999039531
1403636644063555584.000000 3.806462049 -2.393550634 6.897494316 0.049339741 0.001639244 0.028486323 0.998374403
1403636644213555456.000000 3.833514452 -2.416722298 6.967045784 0.043407969 0.002268040 0.026811942 0.998695016
1403636644363555584.000000 3.862232924 -2.440487862 7.056970119 0.020504456 0.007636072 0.008625994 0.999723375
1403636644513555456.000000 3.896238565 -2.450053692 7.153784752 0.004883402 0.010921566 -0.003187810 0.999923348
1403636644663555584.000000 3.944990158 -2.440550089 7.247499943 -0.000113898 0.011140368 -0.004362660 0.999928415
1403636644813555456.000000 4.009228230 -2.412341833 7.337689877 -0.000335745 0.002282192 0.020815933 0.999780655
1403636644913555456.000000 4.053900242 -2.390193701 7.393728733 0.004570347 -0.001879533 0.028629908 0.999577880
1403636645013555456.000000 4.097331047 -2.364567041 7.445227146 0.014550872 -0.003015734 0.028824655 0.999474049
1403636645113555456.000000 4.140988827 -2.344997406 7.492617130 0.037266288 -0.003139884 0.024695992 0.998995245
1403636645413555456.000000 4.262422085 -2.363284349 7.673430920 0.051775880 -0.005047070 0.025741497 0.998314142
1403636645663555584.000000 4.354208946 -2.389673233 7.867831230 0.038722571 -0.006951340 0.026814716 0.998865962
1403636645813555456.000000 4.409504414 -2.419721603 7.997820377 0.036366858 -0.006001320 0.025962224 0.998983204
1403636645913555456.000000 4.441455841 -2.452495813 8.085433006 0.038177907 -0.005535698 0.023852346 0.998970866
1403636646013555456.000000 4.478783607 -2.490454674 8.167405128 0.028729169 -0.008679806 0.018859489 0.999371588
1403636646063555584.000000 4.495176792 -2.513887405 8.212303162 0.025235176 -0.012254409 0.013808808 0.999511063
1403636646163555584.000000 4.533339500 -2.562041044 8.299081802 0.017961314 -0.026745077 0.003267675 0.999475598
1403636646263555584.000000 4.579663277 -2.605334044 8.383721352 0.010659817 -0.046529938 -0.010460709 0.998805225
1403636646313555456.000000 4.603595734 -2.621755600 8.424997330 0.005694712 -0.058610298 -0.017052883 0.998119056
1403636646363555584.000000 4.625027657 -2.646708488 8.472432137 0.001467507 -0.071106181 -0.024503965 0.997166634
1403636646463555584.000000 4.678838730 -2.686637640 8.562125206 -0.006259277 -0.098994434 -0.028823756 0.994650722
1403636646513555456.000000 4.703232288 -2.700305939 8.598940849 -0.011299792 -0.111225344 -0.028062768 0.993334651
1403636646613555456.000000 4.755836487 -2.737423420 8.674189568 -0.013567238 -0.129916623 -0.027851513 0.991040826
1403636646713555456.000000 4.805667400 -2.779515505 8.744843483 -0.008948574 -0.143616632 -0.027694538 0.989205360
1403636646813555456.000000 4.853917122 -2.826034069 8.802627563 -0.007866151 -0.151778415 -0.028560279 0.987970531
1403636646913555456.000000 4.904072762 -2.873438835 8.852021217 -0.007448074 -0.156268403 -0.030055523 0.987229168
1403636647013555456.000000 4.952326298 -2.918851376 8.898601532 -0.004499750 -0.158501744 -0.030187277 0.986886859
1403636647063555584.000000 4.977901459 -2.939095736 8.920999527 -0.001675729 -0.158604696 -0.029516306 0.986899436
1403636647113555456.000000 5.001439095 -2.958356619 8.946207047 0.002543441 -0.158914179 -0.029700013 0.986842275
1403636647263555584.000000 5.072030067 -3.005308867 9.014256477 0.007608749 -0.157613963 -0.030298753 0.987006545
1403636647463555584.000000 5.167338848 -3.049883366 9.106083870 0.000421280 -0.152141497 -0.033171393 0.987801850
1403636647563555584.000000 5.215639591 -3.069004297 9.152409554 -0.007097870 -0.148577288 -0.035068467 0.988253295
1403636647663555584.000000 5.264448166 -3.087825298 9.189235687 -0.013621761 -0.147511005 -0.038106911 0.988232136
1403636647713555456.000000 5.290002823 -3.099280834 9.206379890 -0.012284955 -0.148663357 -0.037321694 0.988106966
1403636647813555456.000000 5.339819908 -3.119288921 9.234639168 -0.008789846 -0.152369797 -0.034910738 0.987667680
1403636647963555584.000000 5.421958447 -3.140260935 9.273351669 -0.006614495 -0.165801927 -0.037358720 0.985428989
1403636648063555584.000000 5.475904942 -3.150999308 9.295602798 -0.004988107 -0.183261484 -0.041846871 0.982160449
1403636649063555584.000000 6.033439636 -3.051796675 9.350767136 0.023592964 -0.348128825 -0.099809781 0.931819558
1403636649713555456.000000 6.324833870 -3.303838015 9.302318573 -0.008933980 -0.343420058 -0.090394996 0.934778929
1403636650213555456.000000 6.505407333 -3.401598930 9.213714600 -0.014114724 -0.384778976 -0.096557550 0.917835772
1403636650513555456.000000 6.592180252 -3.352420807 9.147055626 -0.005312670 -0.450537086 -0.123879053 0.884105265
1403636650813555456.000000 6.669541836 -3.286579847 9.065029144 0.002796183 -0.489050925 -0.141657591 0.860670984
1403636651763555584.000000 6.749962330 -3.278297424 8.750226021 -0.014840062 -0.485299051 -0.134621099 0.863794982
1403636652163555584.000000 6.736783028 -3.171896935 8.602259636 -0.019970760 -0.547798932 -0.161771700 0.820577502
1403636652713555456.000000 6.699800014 -2.963481426 8.311664581 0.020792956 -0.647564530 -0.221366346 0.728851676
1403636653113555456.000000 6.744206905 -2.930545330 8.103847504 0.013516196 -0.654631078 -0.211216703 0.725715458
1403636653563555584.000000 6.836794376 -2.874954700 7.900325775 -0.001082024 -0.647314072 -0.187153146 0.738889039
1403636654263555584.000000 6.877469540 -2.811753750 7.628981590 -0.012618774 -0.651536644 -0.188579485 0.734696269
1403636654463555584.000000 6.858787537 -2.788601398 7.550787926 -0.006111997 -0.673922896 -0.198363021 0.711647868
1403636654763555584.000000 6.815796375 -2.792917252 7.421751976 -0.000624934 -0.705781639 -0.220517173 0.673234046
1403636655063555584.000000 6.774589539 -2.754451752 7.318899632 -0.007491967 -0.722845554 -0.214351580 0.656880200
1403636655313555456.000000 6.729080677 -2.709221840 7.247534275 -0.019733574 -0.729623139 -0.209877685 0.650547445
1403636655513555456.000000 6.668676853 -2.669211149 7.195965767 -0.024533527 -0.741163671 -0.214139327 0.635782063
1403636655763555584.000000 6.570578575 -2.619954109 7.121982574 -0.011998273 -0.754464328 -0.245712891 0.608493865
1403636655863555584.000000 6.530528069 -2.583060741 7.094911575 -0.011293462 -0.762266636 -0.254458129 0.595040381
1403636655963555584.000000 6.492031574 -2.539788246 7.071023464 -0.012818668 -0.773022234 -0.261131138 0.577998996
1403636656013555456.000000 6.474369526 -2.521337509 7.056643009 -0.014011452 -0.777836084 -0.263166249 0.570542037
1403636656063555584.000000 6.455070496 -2.500996590 7.039719582 -0.014523263 -0.782523513 -0.264072806 0.563659072
1403636656113555456.000000 6.434359550 -2.485587120 7.021629810 -0.012897554 -0.786416531 -0.264927924 0.557849348
1403636656163555584.000000 6.416963100 -2.469614029 6.999561310 -0.011660776 -0.789560437 -0.265703559 0.553046107
1403636656263555584.000000 6.378359795 -2.448826790 6.960020065 -0.006485234 -0.794042349 -0.266765535 0.546160042
1403636656363555584.000000 6.342634678 -2.438027382 6.913920879 -0.004766094 -0.795889080 -0.269396484 0.542183936
1403636656563555584.000000 6.278687477 -2.433549166 6.807167530 -0.001656961 -0.796608031 -0.267994523 0.541841149
1403636656663555584.000000 6.248376846 -2.432447433 6.749762535 -0.004296151 -0.797494531 -0.261690557 0.543601036
1403636656763555584.000000 6.221710205 -2.429883003 6.697463989 -0.013601596 -0.800088584 -0.249433964 0.545395195
1403636656863555584.000000 6.191704750 -2.416657686 6.645188808 -0.015650887 -0.801564217 -0.239821762 0.547480941
1403636657113555456.000000 6.108635902 -2.358521938 6.533597469 -0.024836266 -0.799530089 -0.234361276 0.552457809
1403636657313555456.000000 6.021356583 -2.309330940 6.454725266 -0.027404968 -0.795523763 -0.242992043 0.554387748
1403636657613555456.000000 5.862327576 -2.238060713 6.327704906 -0.019015288 -0.788476586 -0.265907705 0.554288924
1403636657913555456.000000 5.703396797 -2.128208637 6.183465004 -0.025459440 -0.788778543 -0.276346028 0.548464358
1403636658263555584.000000 5.517707825 -2.022218943 5.956183910 -0.004636304 -0.796338916 -0.269569129 0.541438162
1403636658663555584.000000 5.341305733 -1.885412931 5.681302547 0.017598081 -0.802414775 -0.258750111 0.537465572
1403636659313555456.000000 5.160679340 -1.617511272 5.366483688 -0.003782572 -0.808916450 -0.240373805 0.536526144
1403636660163555584.000000 4.937650681 -1.328263283 5.176356316 0.016497103 -0.806580603 -0.263084024 0.529095829
1403636661363555584.000000 5.051735878 -0.894158781 5.233295918 0.000382972 -0.813778460 -0.238241509 0.530099452
1403636663463555584.000000 4.983733177 -0.862739325 5.779136181 0.028994186 -0.801841021 -0.281234533 0.526419401
1403636664763555584.000000 5.675269127 -0.730928540 6.131097317 -0.003058839 -0.797910392 -0.235849068 0.554711461
1403636665663555584.000000 6.170386314 -0.943529248 6.593554020 0.015782505 -0.789942205 -0.241939530 0.563211739
1403636665963555584.000000 6.332630634 -1.055540919 6.750499725 -0.011842006 -0.792182386 -0.243686140 0.559396029
1403636666313555456.000000 6.493236065 -1.140060902 6.945204258 -0.016252512 -0.794102371 -0.240943447 0.557748556
1403636666563555584.000000 6.578929901 -1.181861758 7.085258484 -0.018377600 -0.789765954 -0.248653531 0.560449243
1403636666713555456.000000 6.618398666 -1.219676018 7.151910782 -0.001962337 -0.787482917 -0.251085579 0.562870204
1403636666813555456.000000 6.644201756 -1.246365070 7.193599701 0.004983063 -0.784456253 -0.256449759 0.564656615
1403636666913555456.000000 6.671483040 -1.275576591 7.242118835 0.001820361 -0.778347850 -0.272334784 0.565689921
1403636666963555584.000000 6.687589169 -1.284343481 7.261068821 -0.002817548 -0.774551451 -0.281453401 0.566432774
1403636667063555584.000000 6.719947338 -1.299652696 7.299725056 -0.008416745 -0.773097634 -0.283857286 0.567163348
1403636667213555456.000000 6.773669243 -1.314163804 7.348919392 -0.006580557 -0.783655643 -0.252770543 0.567404270
1403636667463555584.000000 6.856854439 -1.317508459 7.438069344 0.002637355 -0.788084209 -0.236233190 0.568427920
1403636667613555456.000000 6.901861668 -1.323753357 7.497770786 0.005367669 -0.782086253 -0.253179401 0.569396555
1403636667713555456.000000 6.935752869 -1.330156684 7.534501553 0.001603320 -0.778670013 -0.262358129 0.569946229
1403636668013555456.000000 7.038072586 -1.373466611 7.623650074 -0.003660916 -0.779328704 -0.263789058 0.568373740
1403636668163555584.000000 7.095418930 -1.372937918 7.664844513 0.003106865 -0.783217549 -0.258076549 0.565647542
1403636668313555456.000000 7.153786182 -1.362359881 7.710625648 0.011313607 -0.786115170 -0.257279336 0.561873913
1403636668413555456.000000 7.198029041 -1.350262761 7.741706371 0.011684181 -0.788089454 -0.256019443 0.559671879
1403636668613555456.000000 7.290229797 -1.325273156 7.809904099 0.011032958 -0.791841984 -0.253363967 0.555581927
1403636668913555456.000000 7.441872597 -1.288078666 7.919620037 0.024617942 -0.801962852 -0.229225501 0.551094592
1403636669213555456.000000 7.596920013 -1.336495280 8.058877945 -0.000742498 -0.801573157 -0.233439535 0.550441504
1403636669513555456.000000 7.732350826 -1.361036539 8.230363846 -0.006437374 -0.802913547 -0.229428306 0.550137341
1403636669713555456.000000 7.805150032 -1.370652318 8.365085602 -0.017505208 -0.806795359 -0.212566331 0.550990343
1403636669913555456.000000 7.846939564 -1.414135695 8.506968498 -0.048968125 -0.795709372 -0.237181157 0.555152059
1403636670013555456.000000 7.853437424 -1.440805554 8.578913689 -0.057292171 -0.789450169 -0.254162282 0.555776536
1403636670163555584.000000 7.843510151 -1.484366775 8.661665916 -0.065946013 -0.782407463 -0.264756501 0.559815764
1403636670313555456.000000 7.818723202 -1.527058721 8.722799301 -0.091344111 -0.774072111 -0.265872061 0.567257166
1403636670513555456.000000 7.745297432 -1.548981190 8.768458366 -0.101005852 -0.755739093 -0.273869634 0.586218059
1403636671013555456.000000 7.370930195 -1.581169486 8.567929268 -0.116686113 -0.672304213 -0.260555714 0.683009624
1403636671113555456.000000 7.262689590 -1.579629064 8.469119072 -0.112195946 -0.652027190 -0.247463256 0.707837939
1403636672163555584.000000 6.227124214 -1.406369448 6.950678825 0.088465296 -0.576590300 -0.193497300 0.788844943
1403636672813555456.000000 6.156298637 -1.370659113 6.492339134 0.020272711 -0.589297712 -0.166935354 0.790221334
1403636675063555584.000000 6.610901833 -1.258040905 7.095494747 0.034692556 -0.467441380 -0.172730371 0.866290450
1403636675463555584.000000 6.841171265 -1.318164349 7.287360668 0.038415264 -0.476886332 -0.126126334 0.869020045
1403636675563555584.000000 6.909398079 -1.334219933 7.352052689 0.029383825 -0.471901655 -0.110991754 0.874143124
1403636675913555456.000000 7.088786602 -1.393725634 7.624304771 -0.006965774 -0.420989960 -0.113077417 0.899962485
1403636676363555584.000000 7.292245865 -1.365937233 7.971002579 0.026148761 -0.335989982 -0.061202273 0.939511180
1403636676563555584.000000 7.357199669 -1.376592398 8.131626129 0.030384643 -0.291613877 -0.045133714 0.954987466
1403636676813555456.000000 7.416038513 -1.455513000 8.349143982 0.018550126 -0.252028584 -0.057788692 0.965814650
1403636677363555584.000000 7.561303139 -1.518493176 8.807739258 0.003184160 -0.236871883 -0.032349847 0.970996916
1403636677563555584.000000 7.580631256 -1.557807922 8.967456818 -0.017242501 -0.212222427 -0.023684481 0.976782143
1403636677713555456.000000 7.579274178 -1.581077695 9.073410034 -0.018810626 -0.181728140 -0.026853181 0.982802093
1403636677813555456.000000 7.571911335 -1.611036181 9.127191544 -0.010428034 -0.156852305 -0.031494100 0.987064719
1403636677913555456.000000 7.570598602 -1.628702164 9.170766830 0.000294016 -0.127088770 -0.037635751 0.991177022
1403636678263555584.000000 7.592483044 -1.691272020 9.320549011 0.010745353 -0.063057266 0.002071434 0.997949898
1403636678563555584.000000 7.631215572 -1.761823893 9.431739807 0.014842296 -0.011173743 0.021170435 0.999603271
1403636678663555584.000000 7.642539024 -1.792903185 9.460625648 0.014324158 0.010010314 0.032470364 0.999319911
1403636678813555456.000000 7.653018951 -1.820465088 9.513633728 0.013428579 0.039620154 0.067260034 0.996858060
1403636678913555456.000000 7.660486221 -1.835383296 9.544599533 0.013298087 0.056752097 0.090025820 0.994232237
1403636679063555584.000000 7.651309013 -1.843694925 9.592911720 0.011505493 0.087099589 0.102558658 0.990839541
1403636679213555456.000000 7.629307747 -1.845177054 9.633343697 0.004839578 0.127248898 0.093938135 0.987400591
1403636679313555456.000000 7.604122162 -1.845058084 9.656736374 0.001615227 0.156231523 0.085978225 0.983969927
1403636679413555456.000000 7.582205772 -1.845205903 9.676298141 0.000389233 0.183632270 0.086757630 0.979158878
1403636679563555584.000000 7.551570892 -1.863663077 9.694965363 0.003626510 0.217850700 0.095315777 0.971309841
1403636679813555456.000000 7.521592617 -1.914543152 9.708795547 0.005474798 0.246660069 0.107789584 0.963073313
1403636679963555584.000000 7.503331184 -1.963738799 9.704509735 -0.006929163 0.248670399 0.117516302 0.961407781
1403636680163555584.000000 7.482813835 -2.033660412 9.678943634 -0.017292196 0.238287613 0.143789589 0.960335672
1403636680363555584.000000 7.450927734 -2.082268476 9.626010895 -0.020993670 0.231951863 0.150703758 0.960752845
1403636680463555584.000000 7.424877167 -2.090208054 9.591538429 -0.016487489 0.225693613 0.158403113 0.961092591
1403636680663555584.000000 7.354564667 -2.086918116 9.504325867 -0.009871934 0.221752688 0.153657243 0.962869525
1403636680813555456.000000 7.287902832 -2.070009708 9.429279327 0.001420461 0.226748824 0.131294325 0.965062022
1403636680913555456.000000 7.234123230 -2.052511454 9.371355057 0.013342343 0.232265949 0.109918259 0.966329396
1403636680963555584.000000 7.208822250 -2.042233467 9.346656799 0.022824403 0.233804435 0.104009554 0.966434956
1403636681063555584.000000 7.158555984 -2.015330791 9.293675423 0.039286748 0.232449085 0.104468226 0.966183424
1403636681163555584.000000 7.107084751 -1.987702966 9.251376152 0.044627901 0.230451092 0.110011138 0.965814769
1403636681263555584.000000 7.054905415 -1.958003998 9.211939812 0.028244231 0.229068324 0.116951942 0.965946257
1403636681363555584.000000 7.001517296 -1.938747644 9.174600601 0.014420688 0.230102807 0.116637096 0.966043770
1403636681513555456.000000 6.912438393 -1.918862104 9.110772133 0.005147999 0.233121917 0.110833332 0.966097116
1403636681913555456.000000 6.686056614 -1.862572908 8.931858063 0.000951835 0.237536222 0.117765315 0.964213133
1403636682113555456.000000 6.574501991 -1.837949157 8.828561783 0.001584686 0.242473960 0.113190249 0.963530898
1403636682413555456.000000 6.407893658 -1.814940333 8.662899017 0.025255745 0.243096322 0.111622840 0.963227212
1403636682813555456.000000 6.188305378 -1.749079108 8.464046478 0.000119384 0.237424701 0.108551905 0.965321720
1403636683313555456.000000 5.930498123 -1.664445519 8.181863785 0.000495947 0.237170145 0.111080579 0.965096474
1403636683563555584.000000 5.797054768 -1.588707089 8.023603439 0.003496463 0.241821676 0.108958520 0.964177430
1403636683663555584.000000 5.741392136 -1.549790144 7.956153393 0.007311388 0.242317200 0.109626085 0.963955939
1403636683763555584.000000 5.691079617 -1.513088942 7.891628265 0.013249335 0.243423805 0.108961254 0.963689148
1403636683863555584.000000 5.640503883 -1.478263378 7.828211784 0.019044235 0.245076537 0.108379126 0.963238716
1403636684163555584.000000 5.490219116 -1.433987975 7.632201195 0.012876102 0.249832153 0.109894067 0.961946666
1403636684663555584.000000 5.275400639 -1.386178970 7.320992470 0.003177029 0.260783941 0.099817313 0.960217774
1403636684913555456.000000 5.193199158 -1.308995843 7.173057556 -0.000119254 0.259916633 0.103969991 0.960017502
1403636685113555456.000000 5.141520500 -1.246057630 7.053631783 0.001712316 0.253626615 0.116917685 0.960208774
1403636685213555456.000000 5.117698669 -1.221653223 6.987702370 0.005945311 0.250876814 0.118729137 0.960691869
1403636685463555584.000000 5.048708916 -1.180595756 6.814425468 0.009216158 0.243556976 0.121573284 0.962192833
1403636685663555584.000000 4.988026619 -1.134431362 6.677479744 0.009823688 0.242387548 0.116408132 0.963120401
1403636685813555456.000000 4.942015171 -1.088975906 6.574652672 0.006226275 0.240577623 0.119965799 0.963167608
1403636686013555456.000000 4.873783112 -1.007453918 6.445386887 0.008931556 0.242408812 0.115361921 0.963249624
1403636686063555584.000000 4.855671883 -0.988834739 6.409719467 0.012221563 0.243395671 0.113010369 0.963243365
1403636686163555584.000000 4.817305565 -0.958154440 6.343067646 0.014363474 0.244014725 0.110174708 0.963385701
1403636686313555456.000000 4.764451027 -0.927642345 6.239221573 0.018615564 0.244097129 0.107576840 0.963585615
1403636686363555584.000000 4.748470306 -0.918748736 6.207213402 0.019544626 0.244571224 0.106825218 0.963530660
1403636686813555456.000000 4.597662926 -0.820779562 5.941319942 0.019790014 0.245200723 0.108236589 0.963208079
1403636686963555584.000000 4.548738003 -0.792246759 5.864827156 0.016451718 0.247406393 0.105153114 0.963048398
1403636687163555584.000000 4.486510277 -0.778925657 5.759167194 0.014974364 0.249081299 0.103720874 0.962796092
1403636687313555456.000000 4.440496445 -0.769745708 5.685600281 0.012439136 0.249388233 0.104676902 0.962649226
1403636687563555584.000000 4.377315521 -0.720204234 5.577357292 0.007624755 0.250736058 0.104041398 0.962418139
1403636687763555584.000000 4.332083702 -0.655628026 5.497133255 0.006360036 0.253489554 0.100373521 0.962095499
1403636687963555584.000000 4.300941467 -0.567540467 5.424861908 0.006369302 0.252819359 0.105304159 0.961744666
1403636688163555584.000000 4.267986774 -0.473430812 5.355893135 0.004849415 0.249547347 0.115247279 0.961467981
1403636688513555456.000000 4.218129635 -0.343514323 5.210532665 0.007674597 0.250968724 0.113548093 0.961281776
1403636688963555584.000000 4.122884274 -0.145402893 5.029367447 0.012512194 0.258312017 0.126103669 0.957714081
1403636689463555584.000000 3.956860065 -0.067873344 4.789106369 0.025061181 0.286201388 0.122106470 0.950026691
1403636690263555584.000000 3.691151857 -0.150697649 4.608687878 0.042558294 0.284734994 0.111707419 0.951123655
1403636690913555456.000000 3.511205673 -0.256958306 4.765480995 0.027515909 0.301053077 0.056534275 0.951532304
1403636691313555456.000000 3.591663599 -0.299504727 4.961452961 -0.031151865 0.299440712 0.075146928 0.950640738
1403636691563555584.000000 3.739266157 -0.378404826 5.033308506 -0.002697846 0.297253579 0.101427540 0.949392140
1403636691813555456.000000 3.911973476 -0.480939448 5.077681065 0.005374871 0.293072432 0.126128823 0.947718918
1403636692163555584.000000 4.151494980 -0.582539797 5.133435726 -0.000950033 0.294820994 0.119566314 0.948041975
1403636692513555456.000000 4.392818451 -0.731426537 5.146425724 0.005178825 0.289043874 0.128792971 0.948598564
1403636692763555584.000000 4.548796654 -0.871138453 5.126159668 0.009540503 0.282426029 0.137619138 0.949318469
1403636693263555584.000000 4.767673969 -1.066002369 5.075798988 0.021363972 0.281510055 0.140982449 0.948904455
1403636693963555584.000000 4.873061180 -1.177834034 5.138908386 0.025939990 0.291842699 0.127047598 0.947635949
1403636694163555584.000000 4.866902351 -1.199843526 5.196555138 0.006542112 0.295022219 0.121435158 0.947719693
1403636694363555584.000000 4.868317604 -1.228488803 5.243449688 0.009552427 0.295469314 0.121931076 0.947491109
1403636694563555584.000000 4.870881081 -1.263281584 5.283516884 0.017258530 0.294012159 0.125733927 0.947338343
1403636694963555584.000000 4.875994682 -1.277172327 5.380675793 0.018822407 0.296142012 0.107485794 0.948890090
1403636695163555584.000000 4.886472225 -1.270309687 5.436620712 0.019419484 0.291733712 0.111703336 0.949756145
1403636695613555456.000000 4.923410892 -1.336143494 5.541588306 0.008761357 0.280146003 0.125783294 0.951640725
1403636695963555584.000000 4.947314262 -1.353198290 5.607597351 0.012787434 0.277794927 0.123482771 0.952585161
1403636696163555584.000000 4.955347061 -1.336478233 5.645892143 0.022834055 0.273438960 0.129023179 0.952923298
1403636696313555456.000000 4.953710079 -1.319850206 5.678178787 0.017149126 0.271900713 0.131292954 0.953172624
1403636696563555584.000000 4.946374893 -1.298788786 5.719434738 -0.002395116 0.275315821 0.115669154 0.954366863
1403636696863555584.000000 4.944284439 -1.296805143 5.726647854 0.003938207 0.273750216 0.117047980 0.954643965
1403636697113555456.000000 4.953238964 -1.271806836 5.724967003 -0.003430456 0.263782561 0.144734725 0.953655541
1403636697413555456.000000 4.920635223 -1.276057482 5.661252975 0.004166451 0.264103383 0.139631137 0.954324484
1403636697763555584.000000 4.836588860 -1.325978041 5.538010597 0.015013242 0.236969948 0.122199796 0.963684082
1403636697913555456.000000 4.795453072 -1.328962803 5.491444588 0.014572826 0.207864463 0.111120254 0.971716166
1403636698063555584.000000 4.745450974 -1.324048162 5.446983814 0.014937013 0.187755466 0.101582155 0.976834595
1403636698913555456.000000 4.420589447 -1.112210631 5.255147457 0.019202860 0.026818385 0.039480634 0.998675764
1403636699163555584.000000 4.330104351 -1.058507919 5.211480618 0.017640157 -0.037384182 0.004563573 0.999134839
1403636699363555584.000000 4.263923168 -1.040961504 5.178594589 0.019242195 -0.091212519 -0.028185805 0.995246470
1403636699663555584.000000 4.192235947 -1.040363312 5.133644104 0.019602239 -0.165751368 -0.067292109 0.983673751
1403636700713555456.000000 4.255163193 -0.757087827 5.056466103 -0.000755006 -0.274415642 -0.079506062 0.958318472
1403636701913555456.000000 4.556210518 -0.646364868 4.879441738 0.009007379 -0.296037167 -0.080015413 0.951776445
1403636702113555456.000000 4.615116119 -0.621259451 4.873353004 0.006668216 -0.330897331 -0.094958574 0.938853204
1403636702263555584.000000 4.665516376 -0.590898871 4.866265774 0.006426351 -0.359488398 -0.105812736 0.927108645
1403636702463555584.000000 4.733883858 -0.522728384 4.861878395 0.016265770 -0.382869452 -0.110115148 0.917071998
1403636702563555584.000000 4.766369343 -0.489077926 4.869679451 0.019791532 -0.390039861 -0.109711826 0.914024353
1403636702663555584.000000 4.794738770 -0.447138071 4.872917652 0.024579516 -0.393887281 -0.109630644 0.912266314
1403636702813555456.000000 4.846741676 -0.382780135 4.897946835 0.029735399 -0.396218926 -0.109080032 0.911168456
1403636703013555456.000000 4.917329788 -0.306828856 4.932166100 0.028883660 -0.393997759 -0.111725554 0.911838174
1403636703163555584.000000 4.973796368 -0.269690454 4.965000629 0.013164619 -0.390735537 -0.116679542 0.912983179
1403636703313555456.000000 5.030014515 -0.254407525 4.996871948 -0.003681153 -0.385656893 -0.128297746 0.913671136
1403636703563555584.000000 5.134838104 -0.247244596 5.016655445 0.005493544 -0.391042560 -0.109277561 0.913845718
1403636703963555584.000000 5.295219421 -0.265537202 5.040978432 0.002386084 -0.385706574 -0.110626809 0.915962040
1403636704363555584.000000 5.458012104 -0.214372635 5.068547249 0.017732853 -0.380311400 -0.109799966 0.918146372
1403636704613555456.000000 5.569738865 -0.217357516 5.087188244 0.029937984 -0.379104763 -0.108422033 0.918492198
1403636704763555584.000000 5.642151833 -0.223512173 5.113011837 0.039596897 -0.378403962 -0.107797123 0.918489158
1403636704863555584.000000 5.690702438 -0.217078209 5.134662151 0.046012096 -0.376368284 -0.110054180 0.918758869
1403636704963555584.000000 5.745036602 -0.210936427 5.166842461 0.051737148 -0.374400437 -0.112557448 0.918955088
1403636705113555456.000000 5.833388805 -0.203565001 5.220639229 0.050657425 -0.373811483 -0.107855305 0.919818461
1403636705213555456.000000 5.893797874 -0.200614333 5.270960808 0.034244183 -0.376041472 -0.099180296 0.920642912
1403636705263555584.000000 5.926283360 -0.201364100 5.292063713 0.027784184 -0.376576871 -0.095866904 0.920992672
1403636705363555584.000000 5.987760544 -0.211945891 5.344135284 0.020642230 -0.377032042 -0.093246996 0.921263099
1403636705463555584.000000 6.048659325 -0.225427330 5.397200584 0.024097105 -0.376207888 -0.095309310 0.921305120
1403636705563555584.000000 6.109899521 -0.235941291 5.456422806 0.031272709 -0.375898123 -0.097502559 0.920986354
1403636705663555584.000000 6.171849251 -0.240188241 5.516232491 0.033611026 -0.375798017 -0.099612758 0.920718968
1403636705713555456.000000 6.198522568 -0.244000077 5.551792145 0.031512447 -0.376301616 -0.099296667 0.920621634
1403636705813555456.000000 6.260606766 -0.247647643 5.622728825 0.024365846 -0.376042664 -0.100538738 0.920809507
1403636705913555456.000000 6.323277950 -0.260155857 5.688137054 0.014007806 -0.374559969 -0.103559390 0.921294749
1403636705963555584.000000 6.354154110 -0.267489314 5.725852013 0.008641463 -0.372970402 -0.106697425 0.921647489
1403636706063555584.000000 6.415430546 -0.288870394 5.787893772 -0.001217045 -0.367805779 -0.117538013 0.922443628
1403636706163555584.000000 6.478922367 -0.310765505 5.844785690 -0.006842294 -0.365821123 -0.118635453 0.923067570
1403636706313555456.000000 6.578374386 -0.324647307 5.935623169 0.002023928 -0.370152235 -0.100299112 0.923538506
1403636706513555456.000000 6.702972412 -0.322747827 6.048800945 0.016026519 -0.372301817 -0.088200897 0.923772216
1403636706663555584.000000 6.793347836 -0.336575747 6.132129192 0.021059535 -0.372726500 -0.087872103 0.923531234
1403636706863555584.000000 6.906001091 -0.373100877 6.247200966 0.030120201 -0.373308361 -0.092653833 0.922577322
1403636707013555456.000000 6.989630699 -0.416440845 6.339811802 0.027420815 -0.376223028 -0.094146423 0.921325564
1403636707163555584.000000 7.071437836 -0.462934971 6.437800884 0.021945909 -0.380739540 -0.092858605 0.919746220
1403636707263555584.000000 7.124710083 -0.497331500 6.504832745 0.023209317 -0.383823246 -0.093555152 0.918361843
1403636707363555584.000000 7.179898262 -0.538569093 6.574381351 0.025287535 -0.386532694 -0.093984939 0.917125881
1403636707463555584.000000 7.228727341 -0.589090347 6.642282963 0.027138049 -0.387910545 -0.094698116 0.916417599
1403636707513555456.000000 7.254039288 -0.616463542 6.675077915 0.026962668 -0.387891829 -0.096087307 0.916286051
1403636707613555456.000000 7.307077885 -0.674357533 6.745230675 0.027054651 -0.387013257 -0.100640580 0.916166067
1403636707713555456.000000 7.353456020 -0.727124453 6.817894459 0.024823902 -0.383319497 -0.111379892 0.916539371
1403636707863555584.000000 7.428330421 -0.787429333 6.937358379 0.021216601 -0.380521327 -0.116667226 0.917138040
1403636707963555584.000000 7.485473633 -0.812703729 7.023882389 0.017861072 -0.379131854 -0.114441805 0.918064892
1403636708113555456.000000 7.571898937 -0.834463239 7.158995628 0.015283983 -0.377980590 -0.105731405 0.919629276
1403636708263555584.000000 7.658382416 -0.844257832 7.295336246 0.009469599 -0.375016034 -0.104664259 0.921042204
1403636708363555584.000000 7.721836090 -0.847535491 7.383567810 -0.000447140 -0.369487554 -0.116405696 0.921915650
1403636708463555584.000000 7.777556896 -0.858808458 7.466405869 -0.007442323 -0.366002411 -0.125011817 0.922149062
1403636708563555584.000000 7.842622757 -0.869613409 7.541458607 -0.010811366 -0.365722984 -0.125003323 0.922227740
1403636708613555456.000000 7.874282837 -0.877775669 7.580158710 -0.010234144 -0.367975324 -0.120239958 0.921971679
1403636708713555456.000000 7.937561989 -0.884722531 7.645336151 -0.005755359 -0.374243289 -0.105278172 0.921317160
1403636708813555456.000000 8.004602432 -0.891871035 7.712864876 -0.002182162 -0.380779415 -0.090868570 0.920187593
1403636708963555584.000000 8.096829414 -0.892288864 7.807503700 -0.002271752 -0.387794554 -0.083483048 0.917954683
1403636709013555456.000000 8.127794266 -0.897032022 7.839416027 -0.005036232 -0.389137596 -0.083597355 0.917364717
1403636709163555584.000000 8.196711540 -0.917122960 7.925289154 -0.005839282 -0.395304739 -0.080722123 0.914977610
1403636709313555456.000000 8.248001099 -0.951790929 8.004306793 0.004031630 -0.397370160 -0.085429393 0.913664341
1403636709413555456.000000 8.279864311 -0.973762095 8.062968254 0.009549765 -0.398212492 -0.085901119 0.913212240
1403636709513555456.000000 8.304184914 -0.990994453 8.119345665 0.011613009 -0.398252010 -0.086071655 0.913155019
1403636709663555584.000000 8.332882881 -1.008225322 8.210786819 0.015405635 -0.397359014 -0.087431908 0.913358748
1403636709863555584.000000 8.366980553 -1.027467608 8.347123146 0.015523006 -0.394038945 -0.087329052 0.914803803
1403636710013555456.000000 8.379962921 -1.053243160 8.448039055 0.014125985 -0.391845137 -0.085450947 0.915945411
1403636710163555584.000000 8.383020401 -1.088477373 8.552211761 0.012708812 -0.389508039 -0.083288006 0.917161405
1403636710363555584.000000 8.380051613 -1.114321470 8.706988335 0.004397957 -0.378573477 -0.094696544 0.920703709
1403636710513555456.000000 8.371516228 -1.117817879 8.824885368 -0.002404755 -0.358982027 -0.108051315 0.927065790
1403636710713555456.000000 8.359432220 -1.103630066 8.973031044 -0.005444454 -0.332294106 -0.103952974 0.937413871
1403636710963555584.000000 8.349014282 -1.084973097 9.138484955 0.000884790 -0.296573281 -0.067062087 0.952652216
1403636711163555584.000000 8.335428238 -1.095183492 9.249009132 0.005429864 -0.278489590 -0.044639755 0.959385931
1403636711363555584.000000 8.308988571 -1.122043371 9.353899956 0.001276995 -0.269679308 -0.043465160 0.961967885
1403636711463555584.000000 8.287207603 -1.136061907 9.403009415 -0.012912047 -0.268258452 -0.045336995 0.962192953
1403636711713555456.000000 8.214462280 -1.185714006 9.503541946 -0.025913920 -0.275930017 -0.036671050 0.960128307
1403636711963555584.000000 8.104471207 -1.235939860 9.564321518 -0.014485361 -0.273720354 -0.059101280 0.959882498
1403636712113555456.000000 8.028478622 -1.271620035 9.585936546 -0.012800219 -0.269648731 -0.076237358 0.959850788
1403636712263555584.000000 7.954247952 -1.307747722 9.595783234 -0.011771451 -0.265591621 -0.065160245 0.961809039
1403636712513555456.000000 7.822172165 -1.385326028 9.581372261 -0.012309028 -0.241932571 -0.033757679 0.969627500
1403636712613555456.000000 7.764113426 -1.419803381 9.572757721 -0.016108287 -0.231682971 -0.029786326 0.972201765
1403636712813555456.000000 7.635356903 -1.474185705 9.542589188 -0.023922911 -0.215379700 -0.031060219 0.975743055
1403636712963555584.000000 7.536237717 -1.490005970 9.513874054 -0.016322797 -0.211107209 -0.031533379 0.976817787
1403636713113555456.000000 7.434003353 -1.501627684 9.474828720 -0.014775358 -0.208943307 -0.032241892 0.977284431
1403636713313555456.000000 7.293417931 -1.529978395 9.399806976 -0.008841797 -0.206408232 -0.035979576 0.977764249
1403636713463555584.000000 7.183236599 -1.565047622 9.333088875 -0.006409762 -0.205863565 -0.040649146 0.977715075
1403636713563555584.000000 7.111978054 -1.596691251 9.283939362 -0.005708490 -0.205372334 -0.045389343 0.977614164
1403636713663555584.000000 7.046945572 -1.616621375 9.227611542 -0.003321901 -0.204082832 -0.053089969 0.977507353
1403636713863555584.000000 6.916980743 -1.645352125 9.124312401 -0.001229595 -0.205077186 -0.062869966 0.976723731
1403636714013555456.000000 6.831376553 -1.653074741 9.042041779 0.002337444 -0.209949911 -0.058007296 0.975987077
1403636714113555456.000000 6.777484894 -1.648359776 8.995769501 0.003114407 -0.214784130 -0.052719846 0.975232661
1403636714413555456.000000 6.635833263 -1.614831448 8.837706566 0.003743710 -0.218814120 -0.058757927 0.973988652
1403636714513555456.000000 6.590889931 -1.592208147 8.786488533 0.012680449 -0.215597764 -0.059472106 0.974587023
1403636714663555584.000000 6.530329227 -1.560221910 8.711826324 0.023039605 -0.198931590 -0.055919208 0.978145421
1403636714763555584.000000 6.489833832 -1.541824460 8.665822029 0.026902771 -0.181978405 -0.048045989 0.981759489
1403636714913555456.000000 6.440028667 -1.531514645 8.598115921 0.028615352 -0.149964839 -0.026505524 0.987921655
1403636715113555456.000000 6.378785133 -1.545318127 8.510511398 0.032669593 -0.110015430 -0.005824243 0.993375778
1403636715413555456.000000 6.296320915 -1.589704275 8.411323547 0.024926113 -0.082902096 -0.002025417 0.996243894
1403636716463555584.000000 6.164029121 -1.553315639 8.098469734 0.006134580 -0.100351714 -0.012120802 0.994859278
1403636716763555584.000000 6.139425278 -1.493023276 7.973105431 0.004362934 -0.088573061 -0.003098212 0.996055305
1403636716963555584.000000 6.118389130 -1.439317226 7.887640953 0.006483546 -0.053794693 0.007829787 0.998500288
1403636717063555584.000000 6.106101513 -1.422675729 7.843666077 0.007600490 -0.031584706 0.016177017 0.999341249
1403636717413555456.000000 6.075154305 -1.391060352 7.669625759 0.008210963 0.008845872 0.055113204 0.998407185
1403636717663555584.000000 6.034226894 -1.351227045 7.555984974 0.007223542 0.016600715 0.053677846 0.998394191
1403636717913555456.000000 5.964415550 -1.289349437 7.443082809 0.008701003 0.025832074 0.063327931 0.997620463
1403636718163555584.000000 5.861801147 -1.249627829 7.309781075 0.009404505 0.068286337 0.069936663 0.995167017
1403636718513555456.000000 5.686255932 -1.163616657 7.137563229 0.014938296 0.128083065 0.068825059 0.989259660
1403636718863555584.000000 5.526705265 -1.020870805 7.001845360 0.018436285 0.165408149 0.070851892 0.983504057
1403636719363555584.000000 5.345362186 -0.903521359 6.814722061 -0.005902422 0.168645129 0.081284285 0.982301831
1403636719713555456.000000 5.235545635 -0.798742473 6.672136307 0.005564049 0.163184866 0.074451372 0.983766615
1403636720563555584.000000 5.065663338 -0.609945297 6.306534767 0.017083559 0.157403007 0.068395481 0.985014975
1403636721463555584.000000 5.023730755 -0.500314772 6.044309139 0.003671237 0.071455173 0.038254220 0.996703207
1403636722463555584.000000 5.074333191 -0.380712599 5.730467796 0.007060367 0.037948683 0.041135512 0.998407722
1403636722763555584.000000 5.076541424 -0.325205028 5.635934830 0.006953739 0.026454113 0.041401897 0.998768091
1403636723413555456.000000 5.039365292 -0.280921459 5.394558430 0.007121379 0.018390169 0.039478160 0.999025822
1403636723663555584.000000 5.015997410 -0.259242237 5.308152676 -0.013352793 -0.005481425 0.027735334 0.999511063
1403636723913555456.000000 4.988234043 -0.247899532 5.198259354 0.006935911 -0.020519072 0.018756088 0.999589443
1403636724063555584.000000 4.970534801 -0.224988177 5.134710312 0.018840702 -0.030072218 0.014220561 0.999268949
1403636724313555456.000000 4.952249527 -0.173610464 5.047953129 0.022268008 -0.068219878 0.003174063 0.997416735
1403636724513555456.000000 4.937633514 -0.137218446 4.992470264 0.011654807 -0.102176614 -0.004846610 0.994686186
1403636724863555584.000000 4.893534184 -0.151203737 4.876783848 0.010376412 -0.122459158 -0.012431728 0.992341459
1403636725163555584.000000 4.845879555 -0.231483787 4.763586998 0.012342620 -0.114425778 -0.024479659 0.993053436
1403636728163555584.000000 4.642855644 -0.622046113 3.958276749 0.001984238 -0.098964468 0.006876267 0.995065212
1403636729063555584.000000 4.398308277 -0.609680176 3.634904861 -0.002732395 -0.046055667 0.021801550 0.998697221
1403636729413555456.000000 4.300094604 -0.557710648 3.491004944 -0.000914795 -0.030523775 0.024146371 0.999241889
1403636729763555584.000000 4.192360401 -0.529221177 3.318758249 0.002406575 -0.028378027 0.022551265 0.999339938
1403636729963555584.000000 4.126744270 -0.514733851 3.222470999 0.010864616 -0.029481245 0.021233181 0.999280751
1403636730113555456.000000 4.075963497 -0.492777228 3.152316332 0.013914924 -0.028711297 0.020232389 0.999286115
1403636730313555456.000000 4.016013145 -0.452571362 3.063078880 0.014463002 -0.026936794 0.018410433 0.999362946
1403636730463555584.000000 3.966964483 -0.419730186 3.006316185 0.020149656 -0.026131893 0.018779719 0.999278963
1403636730563555584.000000 3.935488462 -0.404386818 2.971180201 0.028436173 -0.026069449 0.019216631 0.999070823
1403636730713555456.000000 3.889175892 -0.395668447 2.916906595 0.033784803 -0.024982518 0.017695952 0.998960137
1403636731163555584.000000 3.764944077 -0.440884322 2.810380697 0.016530823 -0.017603539 -0.010336722 0.999654949
1403636731563555584.000000 3.718253613 -0.423327446 2.766475201 0.008334628 -0.025174996 0.005629816 0.999632478
1403636732063555584.000000 3.718291759 -0.317102581 2.728012323 0.005404197 -0.025491215 0.011724093 0.999591708
1403636732413555456.000000 3.734169245 -0.221210077 2.699581385 0.000748469 -0.026689591 0.020845216 0.999426126
1403636733113555456.000000 3.666930199 -0.176671803 2.471865416 -0.003480038 -0.024656363 0.029457835 0.999255836
1403636733313555456.000000 3.616573095 -0.171934515 2.374355555 -0.000339566 -0.024073815 0.031886853 0.999201477
1403636733663555584.000000 3.507615566 -0.196122736 2.180222273 0.012343161 -0.019914327 0.023863366 0.999440670
1403636733863555584.000000 3.451081038 -0.189690739 2.074453831 0.016734103 -0.019077318 0.024713939 0.999372423
1403636734263555584.000000 3.316766262 -0.146641046 1.899428725 0.004090512 -0.020225659 0.026084319 0.999446750
1403636734713555456.000000 3.158302784 -0.149178147 1.676160336 0.018727560 -0.014697719 0.023017624 0.999451578
1403636736013555456.000000 2.786723852 -0.151487052 1.279913187 0.016021514 -0.025332306 0.016357675 0.999416828
1403636736263555584.000000 2.727283001 -0.196140647 1.232953906 0.009278279 0.000217922 0.025013641 0.999644041
1403636736563555584.000000 2.664669514 -0.233957484 1.179590106 0.006390505 0.018532053 0.047123570 0.998696685
1403636736963555584.000000 2.555263996 -0.216459379 1.115282178 0.004781150 0.026326632 0.054054786 0.998179436
1403636737463555584.000000 2.388772249 -0.133193791 1.022619843 0.014813541 0.044841915 0.041069251 0.998039603
1403636737763555584.000000 2.285963058 -0.138114452 0.960806489 0.022950938 0.051054411 0.030099262 0.997978330
1403636738263555584.000000 2.184898853 -0.265793353 0.867617369 0.019559333 0.045047179 0.030947467 0.998313785
1403636740813555456.000000 2.540991068 0.069150373 0.998061359 0.007169701 -0.227634117 -0.057919554 0.971996188
1403636741613555456.000000 2.630525589 0.391761869 1.031411767 0.022311227 -0.252202064 -0.072586507 0.964690387
1403636743413555456.000000 2.836949348 0.732692838 1.242028952 0.047888491 -0.247890890 -0.079381108 0.964341998
1403636744013555456.000000 3.021463871 0.826053381 1.486522317 0.004467440 -0.271422654 -0.066814139 0.960127950
1403636744513555456.000000 3.165906906 1.045866728 1.730143189 -0.008956312 -0.289189994 -0.091939569 0.952804327
1403636744763555584.000000 3.237350464 1.208224177 1.838087440 -0.016092706 -0.289302140 -0.087420024 0.953101814
1403636744963555584.000000 3.296140194 1.332830429 1.903446198 -0.003732743 -0.291877896 -0.077074409 0.953337789
1403636745063555584.000000 3.322942257 1.386289597 1.927655697 0.004305617 -0.289237142 -0.077484570 0.954106629
1403636745213555456.000000 3.359667063 1.448894143 1.963303447 0.011176790 -0.283212960 -0.078232877 0.955795527
1403636745363555584.000000 3.400938511 1.493149996 1.994427085 0.008067884 -0.277403206 -0.072084680 0.958011568
1403636745563555584.000000 3.454730272 1.523074865 2.030539274 -0.004827885 -0.277016103 -0.066209137 0.958569288
1403636745863555584.000000 3.517155647 1.524760008 2.062446594 -0.004281749 -0.294334531 -0.064165615 0.953536391
1403636746163555584.000000 3.545413494 1.472366691 2.069460869 0.001535528 -0.315645605 -0.056668486 0.947182238
1403636746363555584.000000 3.531923294 1.412164569 2.071429491 -0.018851822 -0.321376681 -0.053423744 0.945255280
1403636747263555584.000000 3.378602028 1.319618702 2.150672674 0.008860452 -0.299333423 -0.073914103 0.951240063
1403636747613555456.000000 3.353529930 1.220601916 2.201744318 0.009575676 -0.306548148 -0.073344663 0.948976874
1403636747963555584.000000 3.311969757 1.087634087 2.262122631 0.002237790 -0.309322298 -0.092430793 0.946451902
1403636748313555456.000000 3.287827492 0.963827491 2.318947315 0.003416474 -0.313272834 -0.098418444 0.944543421
1403636748613555456.000000 3.289876938 0.885801792 2.365294933 0.005287911 -0.318612128 -0.080654867 0.944432735
1403636748913555456.000000 3.287134647 0.786683857 2.402037144 -0.004837483 -0.315600067 -0.102517366 0.943325698
1403636749263555584.000000 3.316227674 0.716404140 2.432619810 -0.009103641 -0.323623747 -0.107532002 0.940011501
1403636749463555584.000000 3.345659733 0.667482495 2.426567554 -0.003642023 -0.332631499 -0.088247612 0.938911796
1403636749613555456.000000 3.365105152 0.618336678 2.414035559 0.001161725 -0.336515605 -0.075148977 0.938673794
1403636749763555584.000000 3.379159451 0.581490040 2.407587767 -0.002679255 -0.334804296 -0.073665760 0.939399958
1403636749913555456.000000 3.388384581 0.554706216 2.404059410 -0.015566030 -0.331078172 -0.073397443 0.940615654
1403636750513555456.000000 3.330446720 0.477711976 2.335782051 -0.004616316 -0.311526120 -0.075137734 0.947251022
1403636750763555584.000000 3.283990383 0.375949293 2.268917084 0.000079603 -0.304849118 -0.071529970 0.949710727
1403636751113555456.000000 3.203835011 0.194048703 2.162101746 0.008084225 -0.304464847 -0.066985078 0.950130939
1403636751763555584.000000 3.060248852 -0.067759499 2.042002439 0.008253099 -0.285611123 -0.098283023 0.953256845
1403636752163555584.000000 3.053235054 -0.195824295 1.990295649 0.021335827 -0.281168133 -0.076282360 0.956383944
1403636752363555584.000000 3.059452057 -0.259945869 1.980095744 0.001662834 -0.264558583 -0.064460985 0.962211430
1403636752463555584.000000 3.061182499 -0.301650882 1.969180107 -0.001007174 -0.248498783 -0.058972567 0.966834843
1403636752863555584.000000 3.060098410 -0.431286365 1.927271724 0.009570642 -0.166512027 -0.026164073 0.985645771
1403636753463555584.000000 3.012110949 -0.442610323 1.914290905 0.010341180 -0.032843899 0.039211288 0.998637497
1403636753913555456.000000 2.914824963 -0.451947838 1.915845990 0.005333511 -0.010415918 0.032007474 0.999419153
1403636754663555584.000000 2.687596560 -0.479292721 1.799681783 -0.003582703 -0.002684891 0.043421615 0.999046803
1403636754863555584.000000 2.597898245 -0.467075408 1.743633151 -0.002083388 0.028773468 0.051691692 0.998246312
1403636755013555456.000000 2.524936914 -0.445759594 1.700240612 -0.001448045 0.044254053 0.058292326 0.997317135
1403636755513555456.000000 2.279771805 -0.402515739 1.504605055 0.023259129 0.058306646 0.060394697 0.996198714
1403636756113555456.000000 1.938897014 -0.353197306 1.307103038 0.006504308 0.055645708 0.053924423 0.996972144
1403636756463555584.000000 1.729305387 -0.340037793 1.178646922 0.002140995 0.057668660 0.054760080 0.996830523
1403636756713555456.000000 1.576475739 -0.303898305 1.086822510 0.000100998 0.060394470 0.054496162 0.996685863
1403636756963555584.000000 1.426878691 -0.285870224 0.973168314 -0.000317163 0.063570850 0.053505816 0.996541917
1403636757113555456.000000 1.337343097 -0.279052109 0.896054864 -0.000296618 0.065085351 0.052267898 0.996509850
1403636757263555584.000000 1.247946024 -0.258224219 0.822372913 0.000089156 0.065207258 0.052715469 0.996478319
1403636757363555584.000000 1.192745447 -0.238451809 0.769598961 0.001927414 0.065123193 0.055143468 0.996350586
1403636757413555456.000000 1.163555741 -0.225959718 0.742759943 0.003658494 0.064730644 0.056765646 0.996280193
1403636757563555584.000000 1.076773524 -0.191791087 0.665433526 0.012305989 0.067733698 0.063557580 0.995600879
1403636757713555456.000000 0.985612154 -0.170799106 0.584572792 0.030922158 0.078130931 0.068491355 0.994106770
1403636757813555456.000000 0.919455767 -0.166954726 0.532884479 0.039888300 0.084834628 0.070000313 0.993132412
1403636757863555584.000000 0.885194004 -0.168988392 0.506868541 0.042255625 0.087884672 0.069722556 0.992788732
1403636757913555456.000000 0.851884484 -0.174274936 0.482315123 0.042614821 0.090838358 0.069374070 0.992531896
1403636757963555584.000000 0.816617131 -0.180155635 0.460101843 0.039773740 0.093772575 0.067788370 0.992486537
1403636758013555456.000000 0.780978799 -0.189755723 0.438956618 0.031984080 0.095708027 0.067629538 0.992594182
1403636758063555584.000000 0.745621681 -0.197040871 0.418556780 0.024928791 0.097848482 0.066390835 0.992671371
1403636758113555456.000000 0.712777972 -0.203994185 0.399027675 0.018456584 0.099918284 0.064680390 0.992719591
1403636758213555456.000000 0.643755376 -0.207366183 0.368511200 0.007804783 0.102570742 0.062662594 0.992719352
1403636758313555456.000000 0.576054096 -0.209742397 0.333552182 0.003945918 0.104214914 0.059773996 0.992749095
1403636758413555456.000000 0.512712836 -0.200363412 0.298341602 0.012219198 0.105535612 0.056508094 0.992733479
1403636758513555456.000000 0.449643850 -0.186349958 0.268524826 0.033463247 0.107906938 0.048534174 0.992411554
1403636758563555584.000000 0.421207935 -0.179554984 0.255323917 0.045051582 0.109887198 0.042244140 0.992023468
1403636758813555456.000000 0.286218405 -0.145483777 0.221659124 0.031573243 0.108714297 0.039014913 0.992805183
1403636759063555584.000000 0.179059654 -0.110948965 0.215669945 0.007485193 0.105379872 0.048547618 0.993218124
1403636759213555456.000000 0.122056231 -0.085693054 0.211735785 0.008132190 0.115329616 0.020536829 0.993081629
1403636759463555584.000000 0.074192367 -0.021976516 0.213099688 0.004770504 0.112690240 0.031908873 0.993106246
1403636759763555584.000000 0.062373538 0.053850383 0.207590312 0.001482395 0.107463874 0.056977514 0.992573857
1403636759963555584.000000 0.059781797 0.074808322 0.183875352 0.011975995 0.106508009 0.059728321 0.992444038
1403636760163555584.000000 0.058340613 0.101874873 0.160835490 0.029161261 0.105553418 0.059301618 0.992215395
1403636760463555584.000000 0.057882264 0.145609945 0.146651819 0.001131507 0.105636261 0.058746681 0.992667377
1403636760563555584.000000 0.059171230 0.166114077 0.140405834 0.007760067 0.104688048 0.062273279 0.992523193
1403636760963555584.000000 0.051804632 0.236538395 0.112874262 0.010206305 0.102801546 0.074861765 0.991828322
1403636761163555584.000000 0.034020908 0.271282196 0.097459912 0.033589914 0.105290584 0.068873584 0.991484761
1403636761413555456.000000 -0.000736007 0.297523558 0.095774464 0.036376093 0.105723351 0.069108956 0.991324008
1403636761513555456.000000 -0.017934544 0.297840685 0.101868272 0.021083795 0.105939887 0.067617171 0.991846800
1403636761563555584.000000 -0.026831456 0.296993881 0.104843631 0.014783166 0.105913281 0.066748627 0.992022395
1403636761613555456.000000 -0.035741005 0.295547873 0.107741624 0.009978212 0.106119432 0.065372989 0.992151916
1403636761663555584.000000 -0.045062289 0.293437839 0.109690495 0.008347602 0.107074164 0.061248463 0.992327571
1403636761763555584.000000 -0.062745959 0.288166851 0.111622572 0.007722973 0.110691056 0.048119158 0.992659271
1403636761863555584.000000 -0.077002771 0.282021403 0.113410652 0.008589315 0.112678796 0.040092424 0.992785096
1403636761913555456.000000 -0.081915841 0.279233336 0.113971613 0.009176926 0.112103522 0.041273769 0.992796600
1403636762113555456.000000 -0.092124753 0.266921967 0.114605650 0.004390215 0.099440455 0.074370094 0.992250681
1403636762263555584.000000 -0.104387648 0.257854640 0.109475784 0.017483637 0.094076142 0.085989267 0.991690397
1403636762363555584.000000 -0.118604064 0.257313579 0.106961571 0.033227462 0.095120601 0.080834925 0.991621792
1403636762413555456.000000 -0.127804086 0.259742618 0.107595995 0.037366033 0.096153796 0.076837271 0.991692603
1403636762463555584.000000 -0.138085663 0.262976527 0.109787799 0.039676212 0.098637648 0.068732560 0.991953731
1403636762513555456.000000 -0.149153203 0.266494274 0.113522857 0.036805503 0.103572622 0.053964894 0.992474616
1403636762563555584.000000 -0.159677953 0.271907568 0.119035140 0.032335993 0.108307898 0.039516553 0.992805243
