1403636580813555456.000000 -1.041191816 -1.663980961 1.696008325 0.671495259 0.509388864 0.416475892 0.340829909
1403636580913555456.000000 -1.037777781 -1.656680584 1.775101304 0.665282667 0.504181623 0.434256315 0.338557899
1403636582963555584.000000 -1.021095395 -1.650619626 2.012411118 0.658661485 0.469424754 0.470479488 0.352781028
1403636583763555584.000000 -1.014154911 -1.663202643 1.700891733 0.672730863 0.489780992 0.440806240 0.336506963
1403636584013555456.000000 -1.020370245 -1.674473524 1.598942518 0.680640817 0.504133224 0.422108322 0.323113233
1403636584113555456.000000 -1.023889661 -1.675751328 1.596930265 0.677907228 0.507668138 0.419043005 0.327288002
1403636586963555584.000000 -1.005151987 -1.733760238 1.793729186 0.739834666 0.523281395 0.329044521 0.265613765
1403636588113555456.000000 -0.722536922 -1.754413128 1.784301162 0.766458452 0.497574687 0.326087356 0.242131814
1403636588263555584.000000 -0.695482671 -1.760255218 1.777682066 0.766600132 0.498353839 0.324818343 0.241786316
1403636588763555584.000000 -0.743386149 -1.759238482 1.781674504 0.763437390 0.499845922 0.324827135 0.248605311
1403636588963555584.000000 -0.812642455 -1.749798059 1.783883691 0.759718418 0.506313264 0.319636256 0.253588468
1403636589763555584.000000 -1.181168914 -1.687812448 1.799813151 0.735026240 0.533227384 0.316743672 0.274004489
1403636589963555584.000000 -1.256605387 -1.674846411 1.790760756 0.731129706 0.545042992 0.301642120 0.278190106
1403636590113555456.000000 -1.293879032 -1.668294430 1.788736105 0.724591136 0.548590958 0.301337302 0.288464069
1403636590613555456.000000 -1.231966376 -1.695251584 1.801541090 0.724900842 0.543429375 0.317028701 0.280527771
1403636590913555456.000000 -1.105279088 -1.725387335 1.800562501 0.736330748 0.535041094 0.314071208 0.270013243
1403636591163555584.000000 -0.990512311 -1.744585276 1.794976592 0.738322914 0.532177448 0.312975436 0.271501511
1403636591613555456.000000 -0.862222016 -1.754665017 1.767444015 0.749197721 0.513564229 0.326742917 0.261139691
1403636591863555584.000000 -0.838355780 -1.743037462 1.761283875 0.740728080 0.487019122 0.377068251 0.268241942
1403636592063555584.000000 -0.817082822 -1.729000330 1.761202693 0.752706707 0.470054090 0.380195081 0.260640591
1403636593663555584.000000 -1.190212607 -1.654826641 1.744322419 0.689684331 0.581956804 0.269471288 0.336224496
1403636593863555584.000000 -1.151913881 -1.750475883 1.732987761 0.728313088 0.541496217 0.284907937 0.308495313
1403636594063555584.000000 -1.066441655 -1.825697422 1.733942986 0.762668550 0.481621981 0.328979164 0.279552490
1403636594263555584.000000 -0.954664767 -1.850368738 1.733668804 0.789486229 0.438665807 0.350940198 0.247233942
1403636594663555584.000000 -0.741400778 -1.736454368 1.729627132 0.784880400 0.422567517 0.385713011 0.237960070
1403636595663555584.000000 -1.099843740 -1.622049689 1.705388188 0.679859877 0.578768373 0.299609810 0.336231411
1403636596063555584.000000 -0.937117815 -1.795459986 1.686097026 0.734475076 0.518820107 0.342727572 0.271863192
1403636596263555584.000000 -0.939514518 -1.867232919 1.689485431 0.753688216 0.493304402 0.349021345 0.258435458
1403636596463555584.000000 -1.023818493 -1.922781587 1.713312626 0.751575291 0.488713712 0.357056767 0.262304515
1403636596713555456.000000 -1.118018627 -1.964366674 1.733305573 0.744842350 0.496875584 0.360066652 0.262061507
1403636597063555584.000000 -1.080811381 -1.876323342 1.724756598 0.738088191 0.506111562 0.366542935 0.254407167
1403636598163555584.000000 -1.064236760 -1.656202078 1.714252591 0.657355845 0.602467656 0.318566889 0.321606755
1403636598413555456.000000 -1.064442158 -1.723295927 1.681688309 0.672673404 0.608237624 0.306619763 0.289035141
1403636598613555456.000000 -1.034131527 -1.697538972 1.653875351 0.665287375 0.606440842 0.317068905 0.298478901
1403636598813555456.000000 -0.999721229 -1.634986520 1.621003985 0.642554581 0.603055239 0.331956446 0.336530238
1403636599013555456.000000 -0.971996725 -1.583815575 1.574830532 0.626279473 0.591618359 0.355057269 0.362898797
1403636601963555584.000000 -0.936626971 -1.520803571 1.497612000 0.595258176 0.530467451 0.422552705 0.430953652
1403636604463555584.000000 -0.936620474 -1.520882368 1.497634411 0.595218778 0.530446351 0.422577620 0.431009322
1403636606963555584.000000 -0.936634183 -1.520877957 1.497631073 0.595272183 0.530405879 0.422594666 0.430969149
1403636609463555584.000000 -0.936622858 -1.520914912 1.497607350 0.595406353 0.530304968 0.422459304 0.431040555
1403636612263555584.000000 -0.935609102 -1.520856023 1.497463942 0.594474792 0.531212270 0.423734158 0.429955900
1403636615013555456.000000 -0.936059475 -1.521043897 1.497345209 0.595226228 0.530151784 0.422742754 0.431199968
1403636617513555456.000000 -0.935994148 -1.521028638 1.497323275 0.595219672 0.530196548 0.422636718 0.431257814
1403636620013555456.000000 -0.935997188 -1.520876408 1.497162223 0.595339239 0.529901564 0.422650486 0.431441873
1403636622513555456.000000 -0.935911596 -1.520979404 1.497244596 0.595230341 0.530025423 0.422709733 0.431382209
1403636625063555584.000000 -0.873663068 -1.598032117 1.526444197 0.605413318 0.567838371 0.422189087 0.364404172
1403636625663555584.000000 -0.866901755 -1.610333800 1.589721680 0.609012783 0.565400481 0.410035968 0.375893563
1403636627013555456.000000 -0.832032681 -1.517821550 1.827337861 0.593515694 0.561120033 0.417550474 0.398164481
1403636627363555584.000000 -0.805625677 -1.548661113 1.839771032 0.591964364 0.559606910 0.418520004 0.401571006
1403636627663555584.000000 -0.779548526 -1.577144980 1.895394921 0.604143560 0.550771356 0.418482065 0.395643771
1403636627913555456.000000 -0.749676824 -1.601756811 1.871545672 0.630144417 0.544709325 0.415052444 0.365979701
1403636628813555456.000000 -0.596259177 -1.545583963 1.976757646 0.636093616 0.513495326 0.436616391 0.375597745
1403636629063555584.000000 -0.523802578 -1.536865950 1.982236862 0.649308085 0.512259960 0.436077684 0.354717940
1403636629563555584.000000 -0.362633705 -1.495518446 2.003718376 0.672833502 0.466501236 0.455819637 0.349141896
1403636629813555456.000000 -0.256940067 -1.470165491 1.957092166 0.703062654 0.442537248 0.461840212 0.310752749
1403636630063555584.000000 -0.134023935 -1.429080248 1.908172250 0.723036945 0.412571102 0.475382328 0.284629703
1403636630313555456.000000 -0.002620138 -1.370211840 1.908464909 0.716168404 0.391509086 0.501632690 0.286684573
1403636631563555584.000000 0.608296514 -1.013456821 1.930432916 0.709171951 0.407145500 0.497576445 0.289352953
1403636631813555456.000000 0.711739838 -0.942676306 1.896055460 0.707508504 0.411680937 0.496915609 0.288141400
1403636632313555456.000000 0.894901395 -0.778248906 1.897268653 0.704413414 0.412622750 0.503007472 0.283773690
1403636632813555456.000000 1.025941610 -0.597764313 1.817693710 0.706904531 0.435469747 0.462317586 0.311311156
1403636634363555584.000000 1.583453655 0.210822403 1.753157377 0.666694343 0.482819498 0.452175379 0.343425602
1403636634613555456.000000 1.711095572 0.373339593 1.760932565 0.654089570 0.485947043 0.464087665 0.347339660
1403636634863555584.000000 1.826093912 0.527234077 1.749216676 0.646099746 0.501337707 0.455617785 0.351607889
1403636635113555456.000000 1.927607656 0.677971244 1.765159249 0.641251922 0.514782786 0.446802795 0.352365732
1403636635363555584.000000 2.021189690 0.832500279 1.758701563 0.644450963 0.517055869 0.435382903 0.357460111
1403636635613555456.000000 2.116624832 0.995794654 1.766274929 0.647464812 0.513729632 0.430454880 0.362739384
1403636635863555584.000000 2.224789619 1.166994333 1.813167691 0.647373676 0.502214789 0.433672786 0.374987602
1403636636063555584.000000 2.327357531 1.304146171 1.870423794 0.653965354 0.507084310 0.426351339 0.365266263
1403636636313555456.000000 2.470981359 1.480463386 1.947737932 0.640112579 0.510635495 0.446687579 0.360523343
1403636636563555584.000000 2.608725548 1.647846341 2.030737638 0.624001980 0.505949378 0.468670785 0.367402315
1403636637013555456.000000 2.780496359 1.879420519 2.050641298 0.623395801 0.516387522 0.466714412 0.356228799
1403636637313555456.000000 2.833834648 1.997360826 2.008190393 0.636118412 0.517244041 0.445117712 0.360113889
1403636637563555584.000000 2.869689703 2.103531361 2.012366772 0.637890399 0.521247447 0.439274818 0.358377874
1403636637813555456.000000 2.902986050 2.213763475 2.058511972 0.635686159 0.521133244 0.439770848 0.361835331
1403636638113555456.000000 2.942360640 2.360600710 2.116979837 0.629727125 0.517783821 0.446190357 0.369130939
1403636638563555584.000000 2.999894619 2.560807467 2.043018103 0.654415607 0.521783054 0.408549517 0.364101559
1403636638913555456.000000 3.088233948 2.750302553 2.047387362 0.639702141 0.522253931 0.428579956 0.366539568
1403636639213555456.000000 3.186905622 2.936933994 2.076909065 0.647209764 0.508779705 0.416429728 0.385809213
1403636639463555584.000000 3.302621126 3.094772816 2.027320385 0.639947653 0.520311177 0.427423745 0.370205492
1403636639713555456.000000 3.428107500 3.254858732 1.954733849 0.626049578 0.526035309 0.446244657 0.363613099
1403636641513555456.000000 4.020325184 4.050296307 1.857241392 0.609286427 0.539976180 0.426951528 0.393583566
1403636641763555584.000000 4.077991009 4.107113361 1.839719653 0.607048213 0.542973459 0.431699395 0.387695551
1403636642513555456.000000 4.230091572 4.240231991 1.896097302 0.631422698 0.508020759 0.454235941 0.369986534
1403636642763555584.000000 4.271079063 4.260290146 1.855629086 0.645755887 0.508186758 0.444749236 0.356291384
1403636643013555456.000000 4.310704231 4.284480095 1.844479084 0.650398314 0.508156955 0.439762443 0.354072422
1403636643613555456.000000 4.431300163 4.374383450 1.855777264 0.651498497 0.511039376 0.434458822 0.354448646
1403636643863555584.000000 4.496285439 4.432451725 1.902365804 0.654675126 0.519165218 0.426294178 0.346613646
1403636644463555584.000000 4.688370705 4.696021557 1.903898358 0.648451090 0.495120376 0.435914546 0.379928112
1403636644763555584.000000 4.829858303 4.836679935 1.813099504 0.640270114 0.496173501 0.448297918 0.378014266
1403636645013555456.000000 4.961980343 4.931064606 1.708412528 0.642394304 0.507912040 0.449116826 0.357280165
1403636646013555456.000000 5.508285522 5.542086124 1.595104933 0.655772567 0.503950834 0.439013749 0.351087958
1403636646313555456.000000 5.699172497 5.786564350 1.647096395 0.680970132 0.448478729 0.464069784 0.346100450
1403636646563555584.000000 5.875510216 5.962405682 1.664245725 0.696133971 0.402313858 0.501970887 0.318694144
1403636646813555456.000000 6.046915054 6.103837490 1.705672622 0.707651317 0.387807965 0.510846674 0.296429038
1403636647063555584.000000 6.203626156 6.218787193 1.772820592 0.713046193 0.385592401 0.509372056 0.288831711
1403636647363555584.000000 6.380570412 6.336732388 1.812069535 0.715934455 0.388405979 0.502939224 0.289189816
1403636647613555456.000000 6.523198128 6.418964386 1.818640351 0.708488643 0.382337302 0.508289337 0.305784136
1403636647863555584.000000 6.670967579 6.475066185 1.839505315 0.712677896 0.381618589 0.508869350 0.295819879
1403636648113555456.000000 6.818839550 6.500357628 1.829900503 0.728446603 0.353575587 0.519601107 0.272698700
1403636649613555456.000000 7.571530819 6.342961788 1.905490518 0.776360214 0.238747075 0.554787457 0.180208787
1403636649863555584.000000 7.670081139 6.301949024 2.011171103 0.774974823 0.222648263 0.564902663 0.175290003
1403636650113555456.000000 7.751142502 6.248645306 2.063290358 0.776805580 0.210586160 0.570225179 0.164529517
1403636650613555456.000000 7.844320774 6.083880424 2.029601097 0.806730092 0.120686449 0.570497334 0.095676415
1403636650863555584.000000 7.868141174 5.997824669 1.995862007 0.810486257 0.096382536 0.572643161 0.076824188
1403636651163555584.000000 7.886184216 5.899437904 2.015267849 0.802374065 0.091748439 0.585097909 0.073744163
1403636651663555584.000000 7.869097710 5.739708900 2.083368540 0.802768469 0.103272364 0.581301510 0.083580881
1403636651963555584.000000 7.836337090 5.630767345 2.068945646 0.800746381 0.071779676 0.588325679 0.086749427
1403636652363555584.000000 7.745595455 5.420553684 1.986373544 0.819775283 -0.025133915 0.572128475 -0.002360477
1403636653113555456.000000 7.646459103 5.011307240 1.943767190 0.823584080 -0.082749166 0.558781683 -0.051230241
1403636653413555456.000000 7.672790527 4.854321957 1.927471757 0.809912384 -0.068429820 0.580492675 -0.048860095
1403636654163555584.000000 7.659984589 4.541895866 1.954534292 0.805706978 -0.064717099 0.587649643 -0.036272768
1403636654663555584.000000 7.555792809 4.359366894 1.993658423 0.806063294 -0.131250694 0.570713699 -0.085560903
1403636655113555456.000000 7.453339577 4.220339298 2.001992941 0.793981194 -0.158824697 0.576548576 -0.109361947
1403636655463555584.000000 7.353157997 4.129968643 1.963123083 0.782337129 -0.177013636 0.585658014 -0.116701715
1403636655863555584.000000 7.165057659 4.040611744 1.916643262 0.788262188 -0.232666701 0.552938521 -0.136994720
1403636656363555584.000000 6.914943218 3.883501053 1.838379622 0.776675761 -0.280926913 0.536115527 -0.174455673
1403636656763555584.000000 6.746701241 3.716882467 1.899814963 0.766752779 -0.271450430 0.552866518 -0.180950776
1403636657113555456.000000 6.590436459 3.575651407 1.883966088 0.758819640 -0.262073725 0.568592548 -0.179477498
1403636657463555584.000000 6.387335777 3.462488413 1.854010344 0.768495739 -0.271357059 0.555958211 -0.163370386
1403636657663555584.000000 6.258266449 3.392137289 1.831296086 0.773748040 -0.274631858 0.548043489 -0.159810424
1403636657913555456.000000 6.093637943 3.287347317 1.783526540 0.771578908 -0.287126869 0.546233416 -0.154444128
1403636658363555584.000000 5.783970356 3.031121731 1.756298661 0.777393878 -0.279810369 0.533683717 -0.180406019
1403636658613555456.000000 5.628259659 2.874628067 1.728691459 0.780737579 -0.271992594 0.527830064 -0.194587260
1403636658813555456.000000 5.523043156 2.755856276 1.696148753 0.778593540 -0.265468806 0.530363262 -0.205019534
1403636658963555584.000000 5.456336498 2.676253080 1.664963245 0.771963060 -0.266185433 0.539721906 -0.204739690
1403636659263555584.000000 5.336021900 2.544150829 1.580508590 0.762715995 -0.269663155 0.553172350 -0.198862061
1403636659613555456.000000 5.199697018 2.430780649 1.514520645 0.772213340 -0.271152258 0.539824903 -0.196854025
1403636659863555584.000000 5.115647316 2.368082285 1.463136673 0.767908096 -0.272558749 0.543780386 -0.200827166
1403636660213555456.000000 5.014170170 2.311084032 1.339852452 0.779342949 -0.279660434 0.524630547 -0.197931960
1403636660563555584.000000 4.972804070 2.256171942 1.230700254 0.790412426 -0.282779425 0.507151246 -0.195144534
1403636661063555584.000000 5.040352345 2.192188978 1.050937891 0.767092586 -0.264776766 0.542819500 -0.216353863
1403636661363555584.000000 5.102953911 2.216976881 0.918044806 0.762406945 -0.271434247 0.549835384 -0.206736505
1403636661513555456.000000 5.130683422 2.244127035 0.874452591 0.762988210 -0.272096395 0.549269259 -0.205220968
1403636661763555584.000000 5.170137882 2.306113720 0.839910150 0.761055529 -0.276908427 0.552828729 -0.196205065
1403636662213555456.000000 5.195278645 2.434454203 0.880796552 0.760486126 -0.275219947 0.554914176 -0.194897220
1403636662413555456.000000 5.184622765 2.500936985 0.889670670 0.767466366 -0.270725965 0.543810666 -0.204872519
1403636662813555456.000000 5.178018093 2.647850037 0.847739339 0.766124129 -0.296151072 0.542631567 -0.175781429
1403636662963555584.000000 5.175491810 2.691976309 0.814582050 0.770403206 -0.298839808 0.535736561 -0.173665047
1403636663113555456.000000 5.171599388 2.723931789 0.784023643 0.772373140 -0.307576478 0.531433582 -0.162525713
1403636663413555456.000000 5.165410519 2.735489130 0.739446044 0.786605537 -0.288059413 0.511020124 -0.192696005
1403636663813555456.000000 5.239911556 2.706254721 0.626256704 0.796227336 -0.271023601 0.497183740 -0.213017434
1403636664013555456.000000 5.339927673 2.689971924 0.595621526 0.788383722 -0.252618909 0.511198163 -0.230892241
1403636664213555456.000000 5.477830887 2.699690580 0.590458512 0.778312743 -0.252895623 0.530267239 -0.221561909
1403636664413555456.000000 5.633023262 2.733905792 0.567770123 0.771097898 -0.253979504 0.545238793 -0.208846480
1403636664863555584.000000 5.968847752 2.879693985 0.454994053 0.773329854 -0.247672424 0.552604258 -0.187743604
1403636665063555584.000000 6.107912064 2.962727308 0.446557820 0.781101823 -0.248028085 0.544421613 -0.178793788
1403636665263555584.000000 6.243498802 3.051478624 0.465787858 0.782505929 -0.253343165 0.544005454 -0.166011557
1403636665513555456.000000 6.413325787 3.149756908 0.498728812 0.781231463 -0.247882500 0.545659304 -0.174606651
1403636665713555456.000000 6.542300224 3.230777502 0.529067814 0.783536315 -0.241867006 0.540499628 -0.188231736
1403636666163555584.000000 6.838243961 3.437883377 0.590656877 0.769126177 -0.259624660 0.557587564 -0.173597336
1403636666663555584.000000 7.087621212 3.661986828 0.587599218 0.775804341 -0.256426066 0.550933480 -0.169839010
1403636667163555584.000000 7.288480759 3.847444534 0.624957800 0.782730341 -0.258817226 0.543753684 -0.157094747
1403636667663555584.000000 7.493513107 3.976601839 0.574398100 0.787423670 -0.250833422 0.538967371 -0.162974283
1403636668013555456.000000 7.637688637 4.062534332 0.579959035 0.785024107 -0.257175088 0.541138351 -0.157376930
1403636668463555584.000000 7.839246750 4.134748459 0.510680377 0.784746945 -0.255326450 0.535607874 -0.179177582
1403636668763555584.000000 7.998806477 4.180622578 0.441238105 0.782945037 -0.253305018 0.534622729 -0.192385435
1403636669013555456.000000 8.150149345 4.237836361 0.406032801 0.775249302 -0.246977299 0.544560432 -0.203579113
1403636669363555584.000000 8.359794617 4.377529144 0.390860289 0.768475831 -0.256747335 0.553102553 -0.193915233
1403636669713555456.000000 8.542903900 4.561000824 0.335329741 0.753580034 -0.250458151 0.574249148 -0.199061230
1403636670063555584.000000 8.655550003 4.790955067 0.329402894 0.752562642 -0.284350991 0.576673925 -0.142271146
1403636670363555584.000000 8.650476456 4.943350315 0.364601970 0.742577434 -0.288039684 0.595439732 -0.105181754
1403636670863555584.000000 8.367138863 4.966665745 0.435041517 0.764962196 -0.221665218 0.603963494 -0.030417340
1403636672563555584.000000 6.594509602 3.335998535 1.002098083 0.829427481 0.029971933 0.556342185 -0.040431805
1403636673063555584.000000 6.528771877 3.155275583 0.913758755 0.826687038 0.040186293 0.561178684 0.007216785
1403636673363555584.000000 6.529898643 3.113284111 0.909537256 0.845256388 0.072648622 0.528912067 0.022707090
1403636673663555584.000000 6.606351852 3.126092672 0.916775882 0.833709598 0.082767121 0.545137405 0.030052150
1403636674013555456.000000 6.740029335 3.207333088 0.913588524 0.819233835 0.086422764 0.565964162 0.032733984
1403636675263555584.000000 7.265144825 3.689794540 0.626626909 0.835635900 0.122159600 0.530883431 0.070372060
1403636676313555456.000000 8.003383636 4.281586647 0.485578924 0.782625377 0.254950136 0.545734763 0.157071158
1403636676613555456.000000 8.164785385 4.486835957 0.422694921 0.763070762 0.314682454 0.530730009 0.192415133
1403636676963555584.000000 8.332166672 4.764974594 0.429310113 0.755350709 0.323560566 0.517276108 0.239121571
1403636678913555456.000000 8.835639954 5.835001469 0.423752844 0.586923897 0.571036875 0.442355722 0.365729392
1403636679563555584.000000 8.776058197 6.029935360 0.401107401 0.503876805 0.634150445 0.360677868 0.462463886
1403636679863555584.000000 8.746527672 6.071984768 0.464275301 0.479011327 0.652384102 0.348496407 0.472750664
1403636680163555584.000000 8.720608711 6.081747055 0.582865059 0.456594020 0.662532628 0.377195269 0.458580703
1403636680513555456.000000 8.633618355 6.016505241 0.675961316 0.456198931 0.668470979 0.389259219 0.439893663
1403636681113555456.000000 8.284666061 5.778952599 0.681028783 0.508797884 0.660655856 0.329492986 0.442823827
1403636681413555456.000000 8.095932961 5.692539692 0.660264730 0.489128679 0.652922571 0.355096787 0.456455469
1403636681763555584.000000 7.868609905 5.591240883 0.669152319 0.481929004 0.653493524 0.357723027 0.461220741
1403636683063555584.000000 6.997297287 5.087586403 0.746133089 0.480616480 0.648980200 0.365112543 0.463168889
1403636683463555584.000000 6.719727516 4.886379719 0.739006579 0.484722137 0.650088370 0.351921827 0.467525870
1403636683813555456.000000 6.483578682 4.693875313 0.687789321 0.487840950 0.656647921 0.341659963 0.462701857
1403636684513555456.000000 6.045731544 4.343920231 0.759563506 0.477986217 0.653930485 0.338745475 0.478702009
1403636686913555456.000000 4.877385139 2.953678370 0.660790741 0.489087045 0.655921400 0.337707609 0.465311050
1403636688763555584.000000 4.254383087 2.169200420 0.374108851 0.471285343 0.666052938 0.351472914 0.459054083
1403636689063555584.000000 4.133445263 2.036534071 0.306763411 0.468156278 0.673370957 0.331952840 0.466056526
1403636689363555584.000000 3.998139858 1.920411110 0.307549179 0.463664800 0.681176841 0.314201415 0.471476704
1403636689613555456.000000 3.887842655 1.845862865 0.361830682 0.462384105 0.684982359 0.307166636 0.471856922
1403636689913555456.000000 3.764567852 1.790074587 0.426222622 0.479889244 0.679345071 0.284283966 0.476842761
1403636690213555456.000000 3.673765898 1.800763607 0.460154086 0.476004750 0.681854248 0.297098666 0.469282895
1403636690463555584.000000 3.613215923 1.855327606 0.506968558 0.472908676 0.682215810 0.304242313 0.467306912
1403636690713555456.000000 3.558748722 1.940346956 0.539331615 0.483362198 0.667349935 0.289317816 0.487134397
1403636691013555456.000000 3.546738863 2.075386286 0.499307126 0.484554857 0.635994375 0.284773886 0.528792620
1403636691263555584.000000 3.635798693 2.184605360 0.495883673 0.458907604 0.633214593 0.317326993 0.536419868
1403636691563555584.000000 3.835141182 2.249782562 0.547160268 0.453437626 0.662688255 0.317365140 0.504497647
1403636691813555456.000000 4.022431850 2.278724432 0.629580557 0.446216911 0.678878248 0.322689742 0.485681057
1403636692063555584.000000 4.205110550 2.294568300 0.682910085 0.448326230 0.670719683 0.319036573 0.497347087
1403636692613555456.000000 4.593994617 2.282715559 0.882996321 0.448647618 0.678009868 0.326564223 0.482051224
1403636693263555584.000000 4.915217876 2.223884821 1.156051993 0.451841593 0.689026594 0.324799031 0.464313030
1403636693613555456.000000 4.996266842 2.214184284 1.210641384 0.469250232 0.699464083 0.295214862 0.451001316
1403636693913555456.000000 5.035744190 2.272376299 1.237542152 0.459628850 0.688704669 0.306744635 0.469398230
1403636694313555456.000000 5.067648888 2.386255980 1.254378915 0.447864085 0.677446663 0.319772661 0.488087296
1403636694663555584.000000 5.096624374 2.468499660 1.284073949 0.452447355 0.683033645 0.314892590 0.479164839
1403636695013555456.000000 5.121816635 2.549948454 1.252496243 0.462907195 0.672351122 0.304901302 0.490607798
1403636695363555584.000000 5.171587467 2.633687735 1.243696570 0.458593726 0.675399303 0.320382774 0.480502039
1403636695763555584.000000 5.226151943 2.719183683 1.274188995 0.456801623 0.674424648 0.330095917 0.476990491
1403636696563555584.000000 5.263248444 2.840507269 1.180140495 0.459298909 0.663592219 0.336099118 0.485517204
1403636697063555584.000000 5.269449234 2.838391066 1.155905128 0.452076942 0.673578203 0.348186523 0.469770938
1403636699513555456.000000 4.398550987 2.370600700 1.130161524 0.723289669 0.396965772 0.474789530 0.306340992
1403636700013555456.000000 4.325456619 2.312439680 1.098246098 0.752740800 0.325270653 0.512399316 0.255003124
1403636700913555456.000000 4.385324001 2.121330976 0.817379892 0.768075109 0.277168214 0.536641955 0.212729022
1403636702263555584.000000 4.688034534 1.852952719 0.757047772 0.789378703 0.217801020 0.548256576 0.169877142
1403636703563555584.000000 5.136511803 1.777205110 0.376366526 0.794264495 0.194409654 0.556752264 0.146203697
1403636704013555456.000000 5.322303295 1.758606672 0.371800929 0.792797387 0.194728792 0.556111038 0.155863166
1403636704463555584.000000 5.504919529 1.730761647 0.306694984 0.800777256 0.207748085 0.542163074 0.147157773
1403636704913555456.000000 5.728551865 1.744669795 0.283363581 0.812810957 0.217959076 0.522117019 0.138657495
1403636705313555456.000000 6.001295567 1.843407512 0.213434637 0.794718266 0.220814809 0.547249377 0.142062351
1403636705713555456.000000 6.293532372 2.007293463 0.169187844 0.800428867 0.220117331 0.539442301 0.140939310
1403636706113555456.000000 6.602118969 2.209275723 0.125467062 0.790904164 0.197822005 0.551332831 0.177112803
1403636706513555456.000000 6.905886650 2.367950678 0.072323754 0.788562536 0.224864319 0.553132117 0.147139162
1403636706963555584.000000 7.223841667 2.571590185 0.059632689 0.797629893 0.223644972 0.542349279 0.140094504
1403636707463555584.000000 7.579511642 2.865861893 0.126821607 0.797883809 0.213850409 0.548064351 0.131431863
1403636708363555584.000000 8.249212265 3.499355555 0.132532626 0.792599857 0.200443760 0.550624669 0.168582842
1403636708813555456.000000 8.602560043 3.742073298 0.066059202 0.782738328 0.210653022 0.566078007 0.150005743
1403636709713555456.000000 9.070716858 4.186442852 0.010810487 0.791043341 0.209380284 0.560795784 0.126167104
1403636710163555584.000000 9.191610336 4.485085487 -0.014809716 0.787047505 0.215498552 0.562666833 0.132373422
1403636710563555584.000000 9.249083519 4.781910419 -0.092996873 0.785681725 0.215470135 0.551078200 0.180525899
1403636711013555456.000000 9.305567741 5.063528061 -0.203469738 0.758900225 0.292393535 0.545744419 0.201839864
1403636711463555584.000000 9.309184074 5.309331894 -0.215366364 0.741259634 0.308807641 0.553306460 0.221413016
1403636711863555584.000000 9.218201637 5.493797779 -0.183614418 0.739271581 0.300986886 0.561166286 0.219035417
1403636712263555584.000000 9.050541878 5.618852139 -0.106925644 0.749506593 0.297132075 0.544203937 0.231936544
1403636713063555584.000000 8.591854095 5.698713303 0.120779082 0.720738173 0.351553500 0.538464844 0.258847833
1403636713863555584.000000 7.988387585 5.544701099 0.393676311 0.740047514 0.338053823 0.514891326 0.270067155
1403636714313555456.000000 7.703360558 5.383590221 0.457826853 0.740625679 0.334865898 0.522147834 0.258263439
1403636714863555584.000000 7.421544552 5.167285919 0.460748941 0.728786111 0.392224997 0.489879996 0.273948193
1403636715413555456.000000 7.231437683 5.036589622 0.584972084 0.689680815 0.452557057 0.469070524 0.315444231
1403636715913555456.000000 7.130324364 4.960162163 0.591294348 0.671974182 0.437577218 0.497039169 0.331555068
1403636716413555456.000000 7.033947468 4.787867069 0.647576571 0.690536857 0.431023240 0.485627621 0.318658531
1403636716863555584.000000 6.944882393 4.601848602 0.614895165 0.676358104 0.452035517 0.479116291 0.329622477
1403636717313555456.000000 6.847040176 4.405581951 0.619651556 0.630954027 0.516363680 0.453328222 0.360220104
1403636717763555584.000000 6.720410347 4.211960316 0.619198561 0.618061244 0.530213296 0.453941405 0.361678064
1403636718213555456.000000 6.494561195 4.030612469 0.609318078 0.586820781 0.566660166 0.425677478 0.391581774
1403636718663555584.000000 6.213960171 3.857665539 0.548410296 0.561228156 0.594359040 0.378410280 0.434241593
1403636719863555584.000000 5.653274059 3.424741507 0.394625306 0.549357831 0.601350307 0.382203192 0.436467797
1403636720263555584.000000 5.517191887 3.255248070 0.381186187 0.555346072 0.599696934 0.381210566 0.432009965
1403636720663555584.000000 5.414396286 3.108819485 0.329341382 0.554418802 0.601666510 0.376662582 0.434445083
1403636721063555584.000000 5.354884148 2.984766483 0.330718279 0.574296296 0.579069853 0.394198507 0.423638105
1403636721563555584.000000 5.329257965 2.836410046 0.319016576 0.608645678 0.537870526 0.426638752 0.397775114
1403636722013555456.000000 5.322463989 2.683040142 0.286177099 0.615582168 0.530866742 0.441499740 0.379890740
1403636722963555584.000000 5.237947941 2.347357035 0.267058313 0.623039961 0.525390804 0.443931431 0.372438103
1403636723963555584.000000 5.060106277 1.990156651 0.322293818 0.653433740 0.489422679 0.457112134 0.352899045
1403636725913555456.000000 4.729804993 1.500496745 0.614345431 0.701023340 0.422954172 0.486232162 0.305375278
1403636726413555456.000000 4.679029942 1.425257206 0.589525521 0.694314539 0.427083910 0.490138024 0.308692724
1403636726913555456.000000 4.649693966 1.343663692 0.685297072 0.689315736 0.427003711 0.488851279 0.321769685
1403636727413555456.000000 4.636142254 1.218902826 0.848311245 0.680393994 0.445844054 0.493134350 0.308391899
1403636727913555456.000000 4.554111004 1.096390128 1.003824830 0.678444505 0.447492301 0.496273607 0.305247366
1403636728413555456.000000 4.398132801 0.980276585 1.127134442 0.683152854 0.437962562 0.491010517 0.316859096
1403636728913555456.000000 4.228054523 0.847353458 1.160955071 0.663870811 0.466048419 0.480508685 0.333445042
1403636730213555456.000000 3.696445227 0.361419976 1.227928996 0.656077325 0.490540713 0.458088160 0.345090210
1403636730663555584.000000 3.507799625 0.210056275 1.200989962 0.663744986 0.496624351 0.444652110 0.339251250
1403636734213555456.000000 2.698304176 -0.651238978 1.302422166 0.644924641 0.495196462 0.464305073 0.351103306
1403636735663555584.000000 2.111310959 -1.086914539 1.453522801 0.656621099 0.492377698 0.451729804 0.349790215
1403636737613555456.000000 1.510125875 -1.282716990 1.605909705 0.618867099 0.539362252 0.424489826 0.381968558
1403636738113555456.000000 1.373292804 -1.318258762 1.724773169 0.625029743 0.533952773 0.418280989 0.386358887
1403636738613555456.000000 1.319669008 -1.322759390 1.825562239 0.637355864 0.521950305 0.426284313 0.373666942
1403636740113555456.000000 1.560512900 -1.368833423 1.596470237 0.751137137 0.322455704 0.525021970 0.236996531
1403636741463555584.000000 1.731795430 -1.475623846 1.126868486 0.755098343 0.314419210 0.524986207 0.235279649
1403636741913555456.000000 1.758983493 -1.522979498 0.998782218 0.757166684 0.319506973 0.523604095 0.224616364
1403636742363555584.000000 1.801568031 -1.525461316 0.887521863 0.757115126 0.329678923 0.513863742 0.232448593
1403636743313555456.000000 1.926650763 -1.459537745 0.690341771 0.775664747 0.323510051 0.493996888 0.222828567
1403636743763555584.000000 2.071624994 -1.372584581 0.595268250 0.760769725 0.314912468 0.521435678 0.223973855
1403636745163555584.000000 2.527748823 -1.121522307 -0.235536277 0.769034684 0.284891397 0.530504882 0.214445397
1403636745613555456.000000 2.657945871 -1.094675899 -0.363084555 0.754440188 0.292071253 0.544612288 0.221159667
1403636746113555456.000000 2.743792057 -1.072015643 -0.333459228 0.760343730 0.279776871 0.555516183 0.187093303
1403636746613555456.000000 2.689618111 -1.017615080 -0.230885848 0.766831696 0.269975811 0.549106777 0.193813875
1403636747113555456.000000 2.611414909 -0.938982189 -0.227108389 0.776975691 0.274907172 0.526480496 0.208693475
1403636747563555584.000000 2.611904860 -0.840369999 -0.119230039 0.768670082 0.276955158 0.542420626 0.195503727
1403636748013555456.000000 2.594229698 -0.706321955 0.020101607 0.776504099 0.252354950 0.537544370 0.210722938
1403636748463555584.000000 2.608904362 -0.594744623 0.131942928 0.774308681 0.262535006 0.543627441 0.189712003
1403636748913555456.000000 2.639340162 -0.495111108 0.248374924 0.776907027 0.244677529 0.541759193 0.207474336
1403636749363555584.000000 2.698954582 -0.451635987 0.329505563 0.776137948 0.239679620 0.549478769 0.195541427
1403636749813555456.000000 2.755059958 -0.454666615 0.457733870 0.766457915 0.252585560 0.561731756 0.182208717
1403636750313555456.000000 2.729394436 -0.466337264 0.510707438 0.763650656 0.259861231 0.557420850 0.196446538
1403636750813555456.000000 2.634761333 -0.505309880 0.717747271 0.764593959 0.276044309 0.547291994 0.199165359
1403636751263555584.000000 2.525976896 -0.530551970 0.970211089 0.773649335 0.281051904 0.534890115 0.190706849
1403636751763555584.000000 2.432198524 -0.523725390 1.185164213 0.776041925 0.270777911 0.524734437 0.221566722
1403636752263555584.000000 2.432108402 -0.532813847 1.359147787 0.764126539 0.297531813 0.530279994 0.215379760
1403636752763555584.000000 2.453746557 -0.520038426 1.553288341 0.727292657 0.369245648 0.513302028 0.266878188
1403636753213555456.000000 2.448098183 -0.515300214 1.608695149 0.675370753 0.461226791 0.485998929 0.308138281
1403636753763555584.000000 2.359328747 -0.480791152 1.602293968 0.638523579 0.504776955 0.458916932 0.356206238
1403636754263555584.000000 2.230672598 -0.480029523 1.618092656 0.635712802 0.494093388 0.474458784 0.355851024
1403636754813555456.000000 2.003070831 -0.539175153 1.690905571 0.614091814 0.526901245 0.455870211 0.370740473
1403636755363555584.000000 1.694260240 -0.670511723 1.690846443 0.601555884 0.554828942 0.428917468 0.382524550
1403636755913555456.000000 1.347232342 -0.796030760 1.733108163 0.603662252 0.549696505 0.432135403 0.382994205
1403636756413555456.000000 1.013238430 -0.882559776 1.775542498 0.599552929 0.547483265 0.436180770 0.388000786
1403636756963555584.000000 0.631887972 -1.012842417 1.796010733 0.596395373 0.548176467 0.434125274 0.394144595
1403636757513555456.000000 0.246197224 -1.216832399 1.809592962 0.595402539 0.557022989 0.430510610 0.387145638
1403636758013555456.000000 -0.130572349 -1.372834086 1.887674689 0.589963436 0.581642091 0.400787234 0.391158968
1403636758463555584.000000 -0.459209502 -1.442589283 1.955653906 0.588067770 0.574182034 0.396750152 0.408754677
1403636758963555584.000000 -0.740419686 -1.461443186 1.926632404 0.586659431 0.567747533 0.402422696 0.414185613
1403636759463555584.000000 -0.894356430 -1.459806919 1.829629064 0.588521719 0.557550788 0.396732152 0.430561215
1403636759913555456.000000 -0.924274445 -1.503391504 1.755507827 0.578450203 0.572758615 0.407987207 0.413387299
1403636760413555456.000000 -0.944067180 -1.560130119 1.702440143 0.577805519 0.570121825 0.410543323 0.415398598
1403636760863555584.000000 -0.960017622 -1.612003803 1.633097410 0.576124489 0.582309484 0.410694897 0.400407284
1403636761313555456.000000 -1.014968157 -1.645857096 1.573928237 0.590990663 0.593069255 0.386610419 0.386692792
1403636761763555584.000000 -1.085667372 -1.610146165 1.572627068 0.582750976 0.567917883 0.401451439 0.420365542
1403636762263555584.000000 -1.124356389 -1.591932297 1.607240200 0.574624002 0.587976694 0.417189151 0.387354970
1403636762713555456.000000 -1.194293261 -1.544836164 1.548752069 0.597502708 0.556112528 0.384938151 0.430757433
1403636763113555456.000000 -1.169425726 -1.566133618 1.494452715 0.605434000 0.531507134 0.418569744 0.419224471
1403636763513555456.000000 -1.168232799 -1.579520941 1.463722229 0.614358842 0.521982729 0.417690247 0.419084758
1403636763713555456.000000 -1.169820070 -1.590635896 1.447319508 0.614512503 0.521820128 0.417582452 0.419169247
